120.949 BGNE 41.4083 -98.1502 4.55 122.82 575 46.51 166.76 50.03 175.66 48.36 171.06 5155.8 492.8 506.1
123.546 D46A 46.891 -84.0357 4.55 122.82 575 54.52 154.79 61.61 168.17 58.24 160.81 5158.3 492.3 511.5
123.746 D47A 47.0558 -83.1038 4.55 122.82 575 54.89 153.92 62.28 167.61 58.76 160.04 5158.6 492.3 511.9
124.756 D50A 47.1668 -79.8412 4.55 122.82 575 55.95 150.95 64.70 166.30 60.54 157.59 5159.9 492.0 514.1
120.677 E38A 46.6058 -91.5542 4.55 122.82 575 51.86 160.28 56.06 168.79 54.03 164.32 5155.6 492.9 505.4
123.885 E46A 46.3665 -84.3062 4.55 122.82 575 54.20 155.32 61.47 169.44 58.03 161.66 5158.7 492.2 512.2
124.572 E48A 46.4809 -82.1653 4.55 122.82 575 54.95 153.45 63.10 168.80 59.25 160.21 5159.6 492.0 513.7
125.428 E51A 46.5333 -79.4924 4.55 122.82 575 55.81 150.96 65.14 167.83 60.74 158.17 5160.9 491.8 515.6
126.133 E53A 46.3784 -77.6638 4.55 122.82 575 56.29 149.22 66.61 167.42 61.75 156.80 5162.2 491.5 517.2
127.073 E57A 46.4117 -74.1471 4.55 122.82 575 57.28 145.41 69.28 164.84 63.60 153.08 5163.9 491.2 519.4
120.254 ECSD 43.7337 -96.6141 4.55 122.82 575 48.51 164.76 51.91 172.62 50.27 168.55 5155.3 492.9 504.6
118.972 F33B 45.8398 -96.2929 4.55 122.82 575 49.80 163.29 52.62 169.28 51.25 166.19 5154.9 493.0 502.0
126.137 F52A 45.7951 -79.3227 4.55 122.82 575 55.56 151.18 65.48 169.80 60.84 159.05 5162.2 491.5 517.2
122.308 G40A 45.2684 -90.2006 4.55 122.82 575 51.64 160.26 56.96 171.59 54.44 165.56 5157.0 492.6 508.9
127.433 G55A 45.2532 -76.7187 4.55 122.82 575 56.14 148.79 67.72 170.26 62.33 157.46 5164.6 491.0 520.2
128.064 G57A 45.1036 -74.9855 4.55 122.82 575 56.58 146.94 69.19 169.71 63.32 155.84 5166.0 490.7 521.7
127.461 H53A 44.5736 -78.5832 4.55 122.82 575 55.29 151.06 66.34 173.08 61.25 160.14 5164.7 491.0 520.3
121.714 I37B 44.0149 -93.4003 4.55 122.82 575 49.82 162.92 54.35 173.22 52.20 167.81 5156.5 492.7 507.6
126.648 J48A 43.2986 -83.7849 4.55 122.82 575 52.92 156.57 62.00 176.96 57.87 165.48 5163.2 491.3 518.4
126.405 JCT 30.4794 -99.8022 4.55 122.82 575 37.81 172.09 42.24 -170.67 40.35 -179.57 5162.8 491.4 518.1
124.075 JFWS 42.9142 -90.2481 4.55 122.82 575 50.36 161.65 56.57 176.30 53.69 168.44 5159.0 492.2 512.7
119.82 K31B 42.6229 -98.7547 4.55 122.82 575 47.06 166.35 50.03 173.53 48.60 169.83 5155.2 493.0 503.8
129.547 K56A 42.6981 -77.3244 4.55 122.82 575 54.83 150.58 67.75 178.76 61.99 161.70 5169.8 490.0 525.3
121.894 KAPO 49.4504 -82.5079 4.55 122.82 575 55.99 151.96 62.11 161.89 59.14 156.48 5156.6 492.7 508.0
127.494 L48A 41.9438 -84.4329 4.55 122.82 575 51.98 157.81 61.30 -179.77 57.14 167.62 5164.7 491.0 520.4
127.181 MGMO 37.154 -92.2687 4.55 122.82 575 45.94 165.75 52.77 -173.76 49.80 175.28 5164.2 491.1 519.7
121.679 MNTX 31.6985 -105.382 4.55 122.82 575 36.76 173.59 39.34 -177.06 38.14 178.18 5156.5 492.7 507.7
115.451 O20A 40.1348 -108.242 4.55 122.82 575 42.17 170.76 42.61 171.91 42.39 171.33 5153.8 493.3 495.1
124.753 P38B 39.6248 -93.5321 4.55 122.82 575 47.10 165.36 52.88 -178.96 50.25 172.73 5160.0 492.0 514.2
125.634 P40B 39.5298 -92.0483 4.55 122.82 575 47.62 164.53 54.06 -177.94 51.17 172.69 5161.3 491.7 516.2
131.106 PLAL 34.9824 -88.0755 4.55 122.82 575 46.09 163.68 55.24 -166.10 51.64 177.28 5174.7 489.1 529.2
122.507 R32B 38.4225 -98.7111 4.55 122.82 575 44.31 168.52 48.29 179.80 46.44 173.95 5157.2 492.6 509.4
126.389 R40B 38.2909 -92.2684 4.55 122.82 575 46.71 165.24 53.33 -175.79 50.41 174.06 5162.7 491.4 517.9
126.204 S39B 37.6909 -93.3226 4.55 122.82 575 45.88 166.14 52.16 -175.44 49.39 174.76 5162.4 491.5 517.5
131.258 T50A 37.0204 -84.8384 4.55 122.82 575 48.83 160.28 59.41 -167.73 55.17 174.17 5175.1 489.0 529.6
126.417 U38B 36.4394 -94.3857 4.55 122.82 575 44.58 167.28 50.61 -174.12 47.97 176.04 5162.8 491.4 518.0
127.388 U40A 36.3563 -92.8535 4.55 122.82 575 45.14 166.44 51.84 -172.81 48.95 176.12 5164.6 491.0 520.2
131.182 U49A 36.5129 -85.7796 4.55 122.82 575 48.11 161.27 58.26 -167.32 54.21 175.07 5174.9 489.0 529.4
127.004 X37A 34.5892 -95.3713 4.55 122.82 575 42.82 168.56 48.68 -172.03 46.16 177.75 5163.9 491.2 519.4
119.428 Y22A 33.937 -106.965 4.55 122.82 575 37.99 173.16 39.89 179.43 38.98 176.25 5155.1 493.0 503.1
