130.72 116A 32.5618 -111.704 1.72 30.65 28.5 38.61 -15.17 45.81 -39.22 42.84 -26.50 5171.1 553.3 589.9
130.835 BEK 39.8666 -120.36 1.72 30.65 28.5 47.44 -6.16 58.10 -33.02 53.52 -17.91 5171.4 553.3 590.1
132.243 CMB 38.0345 -120.387 1.72 30.65 28.5 46.20 -6.96 57.31 -37.25 52.72 -20.19 5175.7 552.4 593.6
132.131 GASB 39.6547 -122.716 1.72 30.65 28.5 48.16 -4.25 60.26 -34.92 55.17 -17.28 5175.3 552.5 593.3
127.843 H04A 44.6837 -122.186 1.72 30.65 28.5 50.96 -2.23 60.75 -21.94 56.24 -10.83 5163.9 554.8 582.9
127.472 H05A 44.6473 -121.227 1.72 30.65 28.5 50.61 -3.02 59.93 -21.94 55.63 -11.36 5163.2 554.9 582.1
132.52 HELL 36.6801 -119.023 1.72 30.65 28.5 44.70 -8.62 55.27 -39.09 50.98 -22.14 5176.7 552.3 594.3
129.86 HUMO 42.6071 -122.957 1.72 30.65 28.5 50.08 -2.67 61.23 -27.32 56.26 -13.21 5168.4 553.9 587.7
127.878 I05A 44.1626 -121.268 1.72 30.65 28.5 50.37 -3.26 59.93 -23.10 55.54 -11.98 5163.9 554.8 583.0
127.591 I06A 43.9437 -120.211 1.72 30.65 28.5 49.88 -4.21 59.00 -23.43 54.82 -12.74 5163.4 554.9 582.4
127.167 I07A 44.082 -119.504 1.72 30.65 28.5 49.72 -4.68 58.42 -22.96 54.41 -12.85 5162.6 555.0 581.4
131.978 IRM 34.1574 -115.145 1.72 30.65 28.5 41.24 -12.44 50.00 -40.20 46.46 -25.21 5175.0 552.6 593.0
128.983 J04A 43.2406 -122.109 1.72 30.65 28.5 50.14 -3.07 60.56 -25.52 55.86 -12.79 5166.3 554.3 585.6
128.568 J05A 43.2843 -121.236 1.72 30.65 28.5 49.87 -3.77 59.79 -25.20 55.30 -13.15 5165.3 554.5 584.6
128.11 J06A 43.2515 -120.153 1.72 30.65 28.5 49.48 -4.65 58.84 -25.01 54.58 -13.66 5164.4 554.7 583.5
127.63 J07A 43.3736 -119.311 1.72 30.65 28.5 49.25 -5.22 58.14 -24.51 54.08 -13.83 5163.5 554.8 582.4
127.253 J08A 43.358 -118.474 1.72 30.65 28.5 48.95 -5.84 57.42 -24.30 53.54 -14.15 5162.8 555.0 581.6
128.859 K05A 42.7258 -120.893 1.72 30.65 28.5 49.43 -4.34 59.39 -26.46 54.91 -14.03 5166.0 554.3 585.3
128.128 K07A 42.6912 -119.247 1.72 30.65 28.5 48.83 -5.64 57.94 -26.01 53.81 -14.72 5164.4 554.7 583.6
127.737 K08A 42.7308 -118.486 1.72 30.65 28.5 48.58 -6.18 57.29 -25.67 53.33 -14.93 5163.7 554.8 582.7
127.394 K09A 42.6996 -117.725 1.72 30.65 28.5 48.29 -6.74 56.63 -25.47 52.83 -15.21 5163.1 554.9 581.9
128.079 L08A 42.1901 -118.344 1.72 30.65 28.5 48.20 -6.58 57.02 -26.79 53.04 -15.65 5164.3 554.7 583.5
127.232 L10A 42.0773 -116.471 1.72 30.65 28.5 47.46 -7.94 55.38 -26.26 51.78 -16.30 5162.8 555.0 581.6
131.875 LAVA 38.7552 -120.74 1.72 30.65 28.5 46.83 -6.35 57.99 -35.86 53.32 -19.19 5174.6 552.7 592.7
129.089 M07A 41.3884 -119.171 1.72 30.65 28.5 48.00 -6.37 57.52 -28.91 53.29 -16.39 5166.6 554.2 585.9
128.655 M08A 41.4483 -118.379 1.72 30.65 28.5 47.75 -6.94 56.84 -28.41 52.78 -16.56 5165.6 554.4 584.8
127.672 M10A 41.522 -116.54 1.72 30.65 28.5 47.13 -8.19 55.26 -27.42 51.59 -16.94 5163.6 554.8 582.6
127.35 M11A 41.4311 -115.791 1.72 30.65 28.5 46.80 -8.73 54.59 -27.24 51.06 -17.21 5163.0 554.9 581.8
129.234 MOD 41.9025 -120.303 1.72 30.65 28.5 48.72 -5.23 58.68 -28.21 54.25 -15.34 5166.9 554.2 586.2
132.1 MPM 36.058 -117.489 1.72 30.65 28.5 43.64 -10.04 53.45 -38.98 49.45 -23.08 5175.3 552.5 593.3
129.901 N06A 40.7484 -119.835 1.72 30.65 28.5 47.84 -6.19 57.92 -30.66 53.50 -16.98 5168.5 553.8 587.8
129.452 N07B 40.7797 -118.971 1.72 30.65 28.5 47.54 -6.83 57.14 -30.16 52.91 -17.21 5167.5 554.0 586.7
129.031 N08A 40.7811 -118.134 1.72 30.65 28.5 47.24 -7.45 56.40 -29.73 52.34 -17.44 5166.5 554.2 585.7
128.668 N09A 40.852 -117.524 1.72 30.65 28.5 47.06 -7.86 55.88 -29.27 51.95 -17.51 5165.6 554.4 584.9
127.363 N12A 40.8522 -115.039 1.72 30.65 28.5 46.15 -9.52 53.74 -27.98 50.31 -18.02 5163.0 554.9 581.9
130.772 NV31 38.4328 -118.155 1.72 30.65 28.5 45.64 -8.53 55.42 -34.74 51.26 -20.25 5171.2 553.3 590.0
130.344 O06A 40.165 -119.827 1.72 30.65 28.5 47.45 -6.46 57.71 -32.01 53.26 -17.71 5169.9 553.6 588.9
127.722 OR058 43.4872 -119.703 1.72 30.65 28.5 49.45 -4.86 58.49 -24.35 54.36 -13.54 5163.7 554.8 582.7
127.635 OR064 43.3887 -119.347 1.72 30.65 28.5 49.27 -5.18 58.17 -24.48 54.10 -13.80 5163.5 554.8 582.5
128.045 OR108 42.6329 -118.977 1.72 30.65 28.5 48.70 -5.87 57.69 -26.05 53.62 -14.89 5164.3 554.7 583.4
127.746 OR132 42.9299 -118.825 1.72 30.65 28.5 48.82 -5.82 57.63 -25.35 53.62 -14.57 5163.7 554.8 582.7
131.633 ORV 39.5545 -121.5 1.72 30.65 28.5 47.65 -5.35 59.05 -34.45 54.22 -17.91 5173.8 552.8 592.1
129.005 P10A 39.6202 -116.464 1.72 30.65 28.5 45.85 -9.21 54.45 -31.18 50.66 -19.19 5166.4 554.3 585.7
128.255 P12A 39.4731 -114.908 1.72 30.65 28.5 45.17 -10.32 53.02 -30.49 49.54 -19.59 5164.7 554.6 583.9
131.251 PDM 34.3034 -114.142 1.72 30.65 28.5 40.97 -13.04 49.23 -38.99 45.84 -25.06 5172.7 553.0 591.2
127.989 PIN 43.811 -120.873 1.72 30.65 28.5 50.04 -3.77 59.55 -23.87 55.20 -12.62 5164.2 554.7 583.3
130.341 Q08A 38.8606 -117.932 1.72 30.65 28.5 45.86 -8.52 55.42 -33.68 51.31 -19.80 5169.9 553.6 588.9
129.108 Q11A 38.8455 -115.654 1.72 30.65 28.5 45.01 -10.13 53.37 -32.16 49.71 -20.20 5166.7 554.2 585.9
128.511 Q12A 39.04 -114.83 1.72 30.65 28.5 44.84 -10.57 52.75 -31.24 49.25 -20.08 5165.3 554.5 584.5
131.579 R05C 38.7028 -120.076 1.72 30.65 28.5 46.54 -6.91 57.34 -35.52 52.80 -19.45 5173.7 552.8 592.0
131.392 R06C 38.5226 -119.451 1.72 30.65 28.5 46.18 -7.49 56.67 -35.48 52.25 -19.85 5173.1 553.0 591.5
130.322 R09A 38.2397 -117.072 1.72 30.65 28.5 45.10 -9.42 54.33 -34.34 50.38 -20.68 5169.8 553.6 588.9
131.458 S08C 37.4993 -118.171 1.72 30.65 28.5 44.97 -8.93 54.94 -36.70 50.78 -21.34 5173.3 552.9 591.7
130.774 S09A 37.7243 -117.225 1.72 30.65 28.5 44.78 -9.53 54.20 -35.50 50.21 -21.24 5171.2 553.3 590.0
130.281 S10A 37.923 -116.595 1.72 30.65 28.5 44.70 -9.90 53.73 -34.61 49.87 -21.11 5169.7 553.6 588.8
129.5 S12A 37.6083 -114.849 1.72 30.65 28.5 43.81 -11.23 52.00 -33.88 48.46 -21.64 5167.6 554.0 586.9
128.938 S13A 37.5808 -113.86 1.72 30.65 28.5 43.42 -11.86 51.13 -33.19 47.77 -21.73 5166.3 554.3 585.6
132.023 SNP34 37.3909 -119.063 1.72 30.65 28.5 45.23 -8.29 55.71 -37.63 51.39 -21.29 5175.0 552.6 593.1
132.266 SNP93 38.1526 -120.605 1.72 30.65 28.5 46.36 -6.73 57.58 -37.14 52.94 -19.98 5175.8 552.4 593.7
131.949 SNP95 38.3331 -120.253 1.72 30.65 28.5 46.35 -6.93 57.33 -36.48 52.76 -19.86 5174.8 552.6 592.9
132.145 SNPA3 38.3823 -120.709 1.72 30.65 28.5 46.56 -6.54 57.79 -36.69 53.13 -19.66 5175.4 552.5 593.4
132.15 SNPB3 38.5619 -120.991 1.72 30.65 28.5 46.79 -6.23 58.14 -36.48 53.42 -19.35 5175.4 552.5 593.4
131.717 SNPB5 38.8341 -120.545 1.72 30.65 28.5 46.81 -6.47 57.84 -35.54 53.21 -19.15 5174.1 552.8 592.3
132.144 SNPC3 38.7028 -121.196 1.72 30.65 28.5 46.96 -5.99 58.41 -36.29 53.64 -19.10 5175.4 552.5 593.4
131.271 SNPC7 39.3147 -120.388 1.72 30.65 28.5 47.08 -6.39 57.90 -34.33 53.30 -18.60 5172.7 553.0 591.2
130.934 SNPD8 39.6502 -120.225 1.72 30.65 28.5 47.24 -6.37 57.89 -33.45 53.33 -18.23 5171.7 553.2 590.4
131.806 SNPE4 39.2362 -121.347 1.72 30.65 28.5 47.38 -5.62 58.78 -35.13 53.98 -18.37 5174.3 552.7 592.5
131.601 SNPE5 39.3837 -121.163 1.72 30.65 28.5 47.41 -5.71 58.67 -34.66 53.91 -18.25 5173.7 552.8 592.0
130.629 SNPE9 40.025 -120.188 1.72 30.65 28.5 47.48 -6.23 57.99 -32.55 53.46 -17.77 5170.7 553.4 589.6
129.967 T11A 37.2408 -115.22 1.72 30.65 28.5 43.68 -11.15 52.12 -34.82 48.51 -22.01 5168.8 553.8 588.0
129.338 T13A 37.0195 -113.907 1.72 30.65 28.5 43.02 -12.08 50.84 -34.19 47.46 -22.32 5167.2 554.1 586.5
128.413 T15A 37.0183 -112.382 1.72 30.65 28.5 42.45 -13.00 49.54 -33.00 46.43 -22.35 5165.1 554.5 584.3
130.237 TUC 32.3098 -110.785 1.72 30.65 28.5 38.06 -15.78 44.85 -38.63 42.02 -26.60 5169.7 553.6 588.7
129.771 U13A 36.4151 -113.965 1.72 30.65 28.5 42.58 -12.32 50.52 -35.27 47.13 -22.94 5168.3 553.9 587.5
130.764 V12A 35.7266 -114.851 1.72 30.65 28.5 42.38 -12.02 50.85 -37.24 47.31 -23.62 5171.2 553.3 590.0
130.001 W14A 35.2127 -113.083 1.72 30.65 28.5 41.31 -13.36 48.96 -36.50 45.72 -24.14 5168.9 553.8 588.1
129.503 W15A 35.1787 -112.267 1.72 30.65 28.5 40.98 -13.85 48.25 -35.84 45.14 -24.15 5167.7 554.0 586.9
128.721 WUAZ 35.5169 -111.374 1.72 30.65 28.5 40.91 -14.21 47.74 -34.55 44.78 -23.78 5165.8 554.4 585.1
128.035 WVOR 42.4339 -118.637 1.72 30.65 28.5 48.46 -6.23 57.34 -26.37 53.32 -15.25 5164.3 554.7 583.4
130.868 X13A 34.5935 -113.83 1.72 30.65 28.5 41.09 -13.13 49.17 -38.21 45.82 -24.77 5171.6 553.2 590.3
129.912 X15A 34.4866 -112.237 1.72 30.65 28.5 40.42 -14.16 47.73 -36.87 44.64 -24.80 5168.6 553.8 587.9
