131.709 250A 31.9778 -86.2677 5.74 125.66 127.7 45.36 170.18 52.86 -159.78 50.08 -175.96 5174.4
128.066 ACCN 43.3843 -73.6678 5.74 125.66 127.7 57.56 153.86 68.45 177.48 63.48 163.43 5164.4
127.203 ACSO 40.2319 -82.982 5.74 125.66 127.7 52.41 164.44 60.07 -174.42 56.69 173.94 5162.9
118.338 BGNE 41.4083 -98.1502 5.74 125.66 127.7 46.98 172.33 48.57 176.56 47.80 174.41 5154.5
128.371 BINY 42.1993 -75.9861 5.74 125.66 127.7 56.22 156.97 66.56 -178.26 61.93 167.27 5165.1
126.492 BMNY 44.8399 -74.5065 5.74 125.66 127.7 57.86 154.08 67.39 173.30 62.95 162.13 5161.5
121.366 D46A 46.891 -84.0357 5.74 125.66 127.7 55.36 161.51 59.74 170.43 57.63 165.70 5155.5
121.984 D48A 47.1743 -81.8072 5.74 125.66 127.7 56.27 159.61 61.33 169.56 58.89 164.22 5156.1
122.695 D50A 47.1668 -79.8412 5.74 125.66 127.7 56.94 157.97 62.75 169.14 59.97 163.06 5156.7
123.489 D53A 47.0795 -77.7001 5.74 125.66 127.7 57.64 156.09 64.32 168.61 61.12 161.69 5157.4
123.755 D54A 47.152 -76.657 5.74 125.66 127.7 58.00 155.04 65.06 167.98 61.68 160.77 5157.7
124.234 D55A 47.019 -75.4732 5.74 125.66 127.7 58.34 153.93 65.96 167.71 62.32 159.95 5158.3
124.417 D56A 47.0485 -74.7568 5.74 125.66 127.7 58.57 153.18 66.47 167.21 62.69 159.26 5158.5
124.891 D58A 47.0954 -72.8826 5.74 125.66 127.7 59.16 151.13 67.79 165.75 63.65 157.33 5159.1
120.553 E43A 46.3758 -86.9954 5.74 125.66 127.7 54.04 163.86 57.63 171.51 55.90 167.51 5155.2
122.023 E47A 46.4547 -83.2777 5.74 125.66 127.7 55.44 161.21 60.34 171.33 57.99 165.92 5156.1
122.431 E48A 46.4809 -82.1653 5.74 125.66 127.7 55.85 160.33 61.16 171.17 58.62 165.34 5156.5
123.012 E50A 46.4232 -80.7378 5.74 125.66 127.7 56.34 159.19 62.22 171.08 59.41 164.62 5157.0
123.363 E51A 46.5333 -79.4924 5.74 125.66 127.7 56.82 158.05 63.13 170.54 60.12 163.70 5157.3
124.118 E53A 46.3784 -77.6638 5.74 125.66 127.7 57.38 156.46 64.54 170.37 61.14 162.63 5158.1
124.225 E54A 46.4339 -77.1869 5.74 125.66 127.7 57.57 155.97 64.88 170.05 61.40 162.19 5158.3
124.565 E55A 46.4538 -76.0572 5.74 125.66 127.7 57.95 154.84 65.72 169.51 62.03 161.24 5158.7
125.171 E57A 46.4117 -74.1471 5.74 125.66 127.7 58.55 152.88 67.16 168.56 63.07 159.56 5159.4
126.109 E61A 46.4312 -70.489 5.74 125.66 127.7 59.63 148.69 69.81 165.48 64.95 155.49 5160.8
126.152 E62A 46.6201 -69.5227 5.74 125.66 127.7 59.95 147.42 70.38 163.85 65.38 154.00 5160.9
126.941 ERPA 42.1175 -79.9891 5.74 125.66 127.7 54.64 160.94 63.01 -178.23 59.24 170.08 5162.4
126.177 F60A 45.9688 -71.9514 5.74 125.66 127.7 59.07 150.64 68.97 168.24 64.28 157.87 5160.9
126.415 F61A 45.9743 -70.9921 5.74 125.66 127.7 59.35 149.51 69.69 167.38 64.78 156.73 5161.3
126.735 F62A 45.8968 -69.9664 5.74 125.66 127.7 59.61 148.29 70.48 166.59 65.31 155.55 5161.9
127.126 F64A 45.8633 -68.3496 5.74 125.66 127.7 60.02 146.26 71.67 164.78 66.11 153.39 5162.7
124.888 G53A 45.1222 -78.6237 5.74 125.66 127.7 56.55 158.09 64.04 173.86 60.52 165.06 5159.1
124.834 G54A 45.3979 -78.0898 5.74 125.66 127.7 56.85 157.43 64.41 173.03 60.86 164.31 5159.0
125.422 G55A 45.2532 -76.7187 5.74 125.66 127.7 57.27 156.17 65.52 173.01 61.65 163.47 5159.8
126.107 G57A 45.1036 -74.9855 5.74 125.66 127.7 57.80 154.46 66.94 172.75 62.66 162.20 5160.8
127.236 G62A 45.2186 -70.5319 5.74 125.66 127.7 59.22 149.29 70.40 169.36 65.14 157.22 5162.9
127.619 G64A 45.2527 -68.7558 5.74 125.66 127.7 59.72 147.03 71.73 167.33 66.05 154.79 5163.6
127.923 G65A 45.2002 -67.5632 5.74 125.66 127.7 60.02 145.49 72.64 165.93 66.64 153.11 5164.2
125.416 GAC 45.7033 -75.4783 5.74 125.66 127.7 57.86 154.66 66.38 171.27 62.37 161.79 5159.8
125.887 H55A 44.5505 -77.183 5.74 125.66 127.7 56.82 157.01 65.28 175.08 61.35 164.83 5160.5
126.973 H58A 44.4176 -74.1798 5.74 125.66 127.7 57.80 153.93 67.78 174.44 63.15 162.42 5162.4
127.513 H61A 44.5339 -71.9271 5.74 125.66 127.7 58.57 151.29 69.58 172.77 64.45 159.87 5163.4
127.881 H63A 44.6616 -70.0353 5.74 125.66 127.7 59.18 148.92 71.05 170.75 65.49 157.36 5164.1
128.371 H66A 44.7859 -67.3115 5.74 125.66 127.7 59.95 145.32 73.08 167.03 66.86 153.27 5165.0
128.458 HCNY 42.6968 -74.3984 5.74 125.66 127.7 57.01 155.00 67.93 179.94 63.01 165.15 5165.3
129.49 HRV 42.5064 -71.5583 5.74 125.66 127.7 57.89 151.73 70.51 179.62 64.83 162.42 5167.7
126.938 I57A 43.9377 -75.6599 5.74 125.66 127.7 57.10 155.77 66.65 176.44 62.25 164.47 5162.3
127.382 I58A 43.6901 -74.9733 5.74 125.66 127.7 57.23 155.15 67.27 176.98 62.67 164.22 5163.2
127.76 I60A 43.844 -73.2916 5.74 125.66 127.7 57.87 153.20 68.67 175.83 63.70 162.37 5163.9
128.284 I62A 43.8743 -71.3359 5.74 125.66 127.7 58.51 150.88 70.30 174.56 64.86 160.13 5164.8
123.825 ICQ 49.5217 -67.2719 5.74 125.66 127.7 61.20 143.34 69.71 153.12 65.53 147.43 5157.8
126.787 J55A 43.2657 -77.8167 5.74 125.66 127.7 56.03 158.31 64.90 178.75 60.85 167.11 5162.1
127.296 J57A 43.4099 -75.9968 5.74 125.66 127.7 56.75 156.38 66.44 178.09 62.02 165.52 5163.0
127.734 J59A 43.4647 -74.5041 5.74 125.66 127.7 57.30 154.75 67.72 177.53 62.96 164.12 5163.8
128.753 J62A 43.2262 -71.8127 5.74 125.66 127.7 58.10 151.74 70.10 177.15 64.63 161.65 5166.0
121.647 JFWS 42.9142 -90.2481 5.74 125.66 127.7 50.99 167.94 54.77 177.40 52.97 172.46 5155.8
124.347 K47A 42.6704 -84.9993 5.74 125.66 127.7 52.94 164.73 58.85 179.43 56.11 171.51 5158.4
124.635 K48A 42.8032 -84.1197 5.74 125.66 127.7 53.36 164.01 59.59 179.34 56.71 171.04 5158.8
129.33 K63A 42.6888 -71.5283 5.74 125.66 127.7 57.97 151.62 70.49 178.94 64.84 162.12 5167.3
119.816 KAPO 49.4504 -82.5079 5.74 125.66 127.7 56.90 158.63 60.42 164.88 58.70 161.59 5154.9
129.014 KSPA 41.557 -75.7682 5.74 125.66 127.7 55.99 157.02 66.77 -176.25 62.02 168.03 5166.6
127.109 L54A 42.2345 -79.3162 5.74 125.66 127.7 54.96 160.26 63.61 -178.45 59.71 169.54 5162.7
127.492 L55A 42.1831 -78.4368 5.74 125.66 127.7 55.28 159.45 64.38 -178.23 60.29 169.06 5163.4
127.861 L56A 42.1365 -77.5591 5.74 125.66 127.7 55.60 158.62 65.15 -178.05 60.87 168.54 5164.1
128.239 L57A 42.0005 -76.8492 5.74 125.66 127.7 55.80 157.97 65.78 -177.65 61.33 168.23 5164.8
128.555 L58A 42.0447 -75.8502 5.74 125.66 127.7 56.19 156.89 66.69 -177.79 62.01 167.38 5165.5
129.216 L61B 42.4498 -72.6802 5.74 125.66 127.7 57.49 153.12 69.51 -179.71 64.12 163.78 5167.1
126.667 LONY 44.6197 -74.5829 5.74 125.66 127.7 57.74 154.27 67.39 174.00 62.91 162.52 5161.8
123.879 M44A 41.3882 -88.0432 5.74 125.66 127.7 50.99 167.48 56.10 -178.94 53.74 173.86 5157.9
127.585 M54A 41.5079 -79.6647 5.74 125.66 127.7 54.46 160.95 63.24 -176.57 59.33 170.74 5163.6
127.976 M55A 41.4686 -78.7649 5.74 125.66 127.7 54.80 160.12 64.04 -176.30 59.94 170.28 5164.3
128.189 M56A 41.4837 -78.1826 5.74 125.66 127.7 55.04 159.56 64.57 -176.26 60.35 169.89 5164.7
128.715 M57A 41.3372 -77.128 5.74 125.66 127.7 55.37 158.56 65.52 -175.68 61.05 169.39 5165.9
129.911 M61A 41.3104 -73.7673 5.74 125.66 127.7 56.61 154.89 68.64 -175.50 63.37 166.62 5168.8
127.748 MCVT 43.9537 -72.9918 5.74 125.66 127.7 58.01 152.81 68.89 175.32 63.87 161.89 5163.8
125.458 MIAR 34.5454 -93.5765 5.74 125.66 127.7 44.06 173.68 48.48 -170.77 46.54 -178.86 5160.0
125.418 N47A 40.8801 -85.6942 5.74 125.66 127.7 51.66 166.18 57.90 -176.98 55.07 173.95 5159.9
126.101 N49A 40.922 -84.1825 5.74 125.66 127.7 52.31 165.05 59.19 -176.49 56.09 173.46 5160.9
126.696 N50A 40.7711 -83.1486 5.74 125.66 127.7 52.65 164.31 60.05 -175.75 56.75 173.30 5161.9
126.925 N51A 40.9183 -82.3748 5.74 125.66 127.7 53.05 163.61 60.76 -175.82 57.32 172.82 5162.4
127.684 N53A 40.8065 -80.8377 5.74 125.66 127.7 53.62 162.35 62.10 -175.05 58.35 172.30 5163.8
127.911 N54A 40.9617 -79.9892 5.74 125.66 127.7 54.05 161.52 62.88 -175.21 58.99 171.67 5164.2
128.473 N55A 40.7808 -78.9862 5.74 125.66 127.7 54.36 160.67 63.77 -174.46 59.65 171.37 5165.3
129.058 N57A 40.7556 -77.5509 5.74 125.66 127.7 54.91 159.25 65.09 -174.03 60.66 170.51 5166.7
129.301 N58A 40.8396 -76.7158 5.74 125.66 127.7 55.28 158.35 65.87 -174.12 61.26 169.81 5167.3
129.388 NPNY 41.7546 -74.1435 5.74 125.66 127.7 56.68 155.13 68.26 -176.97 63.14 166.31 5167.5
126.976 O50A 40.1468 -83.6199 5.74 125.66 127.7 52.10 164.99 59.49 -174.50 56.22 174.26 5162.5
127.443 O51A 40.147 -82.6056 5.74 125.66 127.7 52.52 164.17 60.38 -174.07 56.92 173.91 5163.3
127.815 O52A 40.1158 -81.8361 5.74 125.66 127.7 52.83 163.55 61.06 -173.68 57.45 173.66 5164.0
128.397 O54A 40.1821 -80.3778 5.74 125.66 127.7 53.47 162.24 62.39 -173.30 58.51 172.93 5165.2
129.076 O56A 40.2683 -78.5663 5.74 125.66 127.7 54.25 160.49 64.08 -172.90 59.83 171.84 5166.8
129.495 O57A 40.2104 -77.6354 5.74 125.66 127.7 54.59 159.58 64.94 -172.45 60.49 171.35 5167.8
129.846 O58A 40.1231 -76.9228 5.74 125.66 127.7 54.83 158.89 65.60 -172.00 60.99 171.00 5168.6
129.958 O59A 40.3114 -76.1859 5.74 125.66 127.7 55.21 158.02 66.32 -172.39 61.56 170.19 5168.9
127.971 ORNO 44.9045 -68.6622 5.74 125.66 127.7 59.64 147.06 71.99 168.41 66.17 155.13 5164.3
128.527 P53A 39.4868 -81.3896 5.74 125.66 127.7 52.66 163.46 61.30 -171.94 57.57 174.31 5165.5
128.834 P54A 39.602 -80.4796 5.74 125.66 127.7 53.10 162.59 62.17 -171.82 58.27 173.76 5166.2
129.193 P55A 39.5078 -79.8265 5.74 125.66 127.7 53.32 162.03 62.75 -171.28 58.72 173.58 5167.1
129.612 P56A 39.5044 -78.8386 5.74 125.66 127.7 53.72 161.09 63.68 -170.86 59.45 173.07 5168.0
129.967 P57A 39.4835 -78.0126 5.74 125.66 127.7 54.05 160.28 64.46 -170.46 60.06 172.62 5169.0
130.246 P58A 39.4891 -77.3005 5.74 125.66 127.7 54.33 159.54 65.14 -170.18 60.59 172.17 5169.8
130.432 PANJ 40.3769 -74.7029 5.74 125.66 127.7 55.80 156.34 67.76 -172.29 62.64 168.89 5170.4
128.271 PSDB 41.1273 -78.7531 5.74 125.66 127.7 54.63 160.28 64.02 -175.37 59.88 170.75 5164.9
130.564 PSUB 39.9273 -75.4514 5.74 125.66 127.7 55.28 157.36 67.00 -170.94 62.04 170.19 5170.8
128.55 Q52A 38.9622 -82.2669 5.74 125.66 127.7 51.98 164.45 60.35 -171.10 56.76 175.32 5165.6
128.976 Q53A 38.8586 -81.5251 5.74 125.66 127.7 52.23 163.85 60.99 -170.44 57.27 175.19 5166.6
129.186 Q54A 38.9836 -80.8338 5.74 125.66 127.7 52.59 163.19 61.67 -170.40 57.82 174.74 5167.1
129.509 Q55A 38.9952 -80.0812 5.74 125.66 127.7 52.92 162.50 62.38 -170.05 58.38 174.40 5167.8
129.855 Q56A 39.041 -79.1871 5.74 125.66 127.7 53.32 161.64 63.23 -169.74 59.06 173.90 5168.6
130.563 Q58A 38.9413 -77.682 5.74 125.66 127.7 53.87 160.15 64.66 -168.69 60.17 173.19 5170.8
123.801 R40B 38.2909 -92.2684 5.74 125.66 127.7 47.28 171.43 51.57 -175.59 49.61 177.63 5157.8
129.762 R54A 38.1909 -80.9904 5.74 125.66 127.7 52.06 163.67 61.27 -168.49 57.43 175.86 5168.4
130.08 R55A 38.2825 -80.1195 5.74 125.66 127.7 52.48 162.83 62.13 -168.19 58.12 175.37 5169.3
130.292 R56A 38.4071 -79.4031 5.74 125.66 127.7 52.85 162.09 62.85 -168.09 58.71 174.88 5170.0
123.582 S39B 37.6909 -93.3226 5.74 125.66 127.7 46.43 172.22 50.46 -175.31 48.61 178.21 5157.6
131.538 S58A 37.6126 -78.0511 5.74 125.66 127.7 52.93 161.04 63.91 -165.02 59.52 175.28 5173.8
125.007 SADO 44.7694 -79.1417 5.74 125.66 127.7 56.21 158.76 63.67 174.86 60.18 165.90 5159.2
120.806 SCIA 41.9069 -93.2153 5.74 125.66 127.7 49.22 170.04 52.27 178.01 50.81 173.90 5155.3
129.031 SSPA 40.6358 -77.8876 5.74 125.66 127.7 54.71 159.65 64.76 -173.76 60.40 170.91 5166.7
130.397 TKL 35.658 -83.774 5.74 125.66 127.7 49.19 167.03 57.53 -164.58 54.20 179.80 5170.4
124.741 U40A 36.3563 -92.8535 5.74 125.66 127.7 45.69 172.59 50.12 -172.92 48.14 179.52 5159.0
128.689 U49A 36.5129 -85.7796 5.74 125.66 127.7 48.88 168.25 56.15 -167.99 53.11 179.13 5165.9
131.1 U55A 36.5023 -81.0472 5.74 125.66 127.7 50.95 164.36 60.54 -164.26 56.73 178.07 5172.5
128.299 UPAO 40.4821 -80.0216 5.74 125.66 127.7 53.78 161.78 62.77 -173.96 58.84 172.34 5164.9
128.689 V48A 35.74 -86.8219 5.74 125.66 127.7 47.89 169.29 54.82 -167.29 51.94 -179.90 5165.9
132.199 V57A 35.8875 -79.7758 5.74 125.66 127.7 51.12 163.40 61.47 -161.67 57.51 178.42 5175.8
122.491 VLDQ 48.1901 -77.7573 5.74 125.66 127.7 58.01 155.46 63.95 165.95 61.08 160.22 5156.5
126.901 WCNY 43.981 -75.6549 5.74 125.66 127.7 57.12 155.74 66.65 176.31 62.26 164.40 5162.3
128.904 WRPS 40.7941 -77.8653 5.74 125.66 127.7 54.81 159.55 64.80 -174.21 60.44 170.67 5166.4
127.237 WVNY 42.4062 -78.6042 5.74 125.66 127.7 55.32 159.50 64.24 -178.86 60.22 168.86 5162.9
127.843 WVT 36.1297 -87.83 5.74 125.66 127.7 47.71 169.81 54.15 -168.81 51.42 179.75 5164.1
