128.741 ASBU 43.8206 -121.368 -60.01 -26.76 124.4 -19.03 -80.99 -4.30 -89.10 -11.69 -85.16 5166.9
120.875 B35B 48.3603 -93.7261 -60.01 -26.76 124.4 -10.02 -64.38 -4.00 -66.72 -7.01 -65.56 5155.5
127.674 BMO 44.8525 -117.306 -60.01 -26.76 124.4 -17.33 -78.29 -3.86 -85.36 -10.62 -81.90 5164.5
125.744 BOZ 45.597 -111.63 -60.01 -26.76 124.4 -15.28 -75.00 -4.06 -80.55 -9.68 -77.82 5161.0
122.589 BW06 42.7667 -109.558 -60.01 -26.76 124.4 -15.12 -75.70 -7.55 -79.51 -11.34 -77.63 5157.0
123.753 CMB 38.0345 -120.387 -60.01 -26.76 124.4 -19.76 -84.36 -11.19 -89.40 -15.49 -86.93 5158.2
121.378 CWC 36.4399 -118.08 -60.01 -26.76 124.4 -19.28 -84.01 -13.22 -87.58 -16.26 -85.82 5155.9
125.98 DLMT 45.3625 -112.596 -60.01 -26.76 124.4 -15.63 -75.63 -4.15 -81.38 -9.90 -78.56 5161.4
122.01 E28B 46.5748 -100.693 -60.01 -26.76 124.4 -11.97 -68.91 -4.82 -72.02 -8.40 -70.48 5156.5
120.075 EDW2 34.8811 -117.994 -60.01 -26.76 124.4 -19.63 -84.82 -14.86 -87.68 -17.25 -86.27 5155.2
126.851 EGMT 48.024 -109.755 -60.01 -26.76 124.4 -14.33 -72.48 -1.61 -78.46 -7.98 -75.51 5163.0
128.553 HUMO 42.6071 -122.957 -60.01 -26.76 124.4 -19.86 -82.66 -5.47 -90.80 -12.70 -86.84 5166.5
129.124 I05D 44.3386 -121.34 -60.01 -26.76 124.4 -18.93 -80.60 -3.68 -88.94 -11.33 -84.88 5167.8
120.938 ISA 35.6628 -118.474 -60.01 -26.76 124.4 -19.59 -84.68 -14.01 -88.01 -16.81 -86.37 5155.5
128.268 J05D 43.2848 -121.235 -60.01 -26.76 124.4 -19.06 -81.32 -4.98 -89.12 -12.05 -85.32 5165.8
121.187 K22A 42.6507 -106.524 -60.01 -26.76 124.4 -14.24 -74.15 -8.12 -77.15 -11.18 -75.67 5155.8
124.327 LAO 46.6885 -106.223 -60.01 -26.76 124.4 -13.46 -71.63 -3.79 -76.10 -8.63 -73.89 5158.9
123.723 LOHW 43.6124 -110.604 -60.01 -26.76 124.4 -15.29 -75.74 -6.46 -80.18 -10.88 -77.99 5158.2
120.412 LRL 35.4795 -117.682 -60.01 -26.76 124.4 -19.37 -84.32 -14.28 -87.34 -16.83 -85.85 5155.3
131.02 LTY 47.2545 -120.666 -60.01 -26.76 124.4 -18.25 -78.05 -0.18 -87.53 -9.25 -82.91 5173.4
127.566 M02C 41.392 -122.854 -60.01 -26.76 124.4 -20.04 -83.47 -6.95 -90.98 -13.52 -87.33 5164.3
127.39 M04C 41.7826 -121.839 -60.01 -26.76 124.4 -19.57 -82.68 -6.66 -90.00 -13.14 -86.43 5164.0
125.887 MFID 43.4151 -115.828 -60.01 -26.76 124.4 -17.05 -78.53 -5.81 -84.47 -11.45 -81.56 5161.2
120.789 MPM 36.058 -117.489 -60.01 -26.76 124.4 -19.15 -83.89 -13.70 -87.10 -16.43 -85.52 5155.4
127.709 MSO 46.8292 -113.941 -60.01 -26.76 124.4 -15.85 -75.29 -2.19 -82.08 -9.03 -78.75 5164.6
127.171 N02D 40.974 -122.705 -60.01 -26.76 124.4 -20.06 -83.68 -7.47 -90.94 -13.79 -87.41 5163.5
126.212 O03E 40.2946 -121.802 -60.01 -26.76 124.4 -19.84 -83.68 -8.42 -90.27 -14.15 -87.05 5161.7
131.246 OMAK 48.3584 -119.333 -60.01 -26.76 124.4 -17.60 -76.58 0.90 -86.04 -8.38 -81.43 5174.1
122.589 PD31 42.7672 -109.558 -60.01 -26.76 124.4 -15.12 -75.70 -7.55 -79.51 -11.34 -77.63 5157.0
128.521 PINE 43.7921 -120.941 -60.01 -26.76 124.4 -18.87 -80.81 -4.42 -88.74 -11.67 -84.88 5166.4
121.746 R11A 38.3489 -115.585 -60.01 -26.76 124.4 -17.98 -81.52 -11.47 -85.18 -14.73 -83.38 5156.2
124.352 RLMT 45.1221 -109.267 -60.01 -26.76 124.4 -14.61 -74.13 -5.01 -78.80 -9.82 -76.50 5159.0
121.344 RSSD 44.1212 -104.036 -60.01 -26.76 124.4 -13.26 -72.02 -6.92 -74.98 -10.10 -73.51 5155.9
120.557 SLA 35.8909 -117.283 -60.01 -26.76 124.4 -19.12 -83.86 -13.89 -86.95 -16.51 -85.43 5155.3
121.384 SMM 35.3142 -119.996 -60.01 -26.76 124.4 -20.23 -85.75 -14.21 -89.40 -17.23 -87.60 5155.9
130.969 STD 46.2376 -122.224 -60.01 -26.76 124.4 -19.01 -79.55 -1.10 -89.18 -10.09 -84.50 5173.3
120.926 TPNV 36.9488 -116.249 -60.01 -26.76 124.4 -18.51 -82.69 -12.89 -85.93 -15.71 -84.33 5155.5
123.229 ULM 50.2503 -95.875 -60.01 -26.76 124.4 -10.29 -64.42 -1.64 -67.78 -5.97 -66.11 5157.6
126.786 WDC 40.5799 -122.541 -60.01 -26.76 124.4 -20.07 -83.87 -7.96 -90.87 -14.04 -87.46 5162.8
126.403 WVOR 42.4339 -118.637 -60.01 -26.76 124.4 -18.24 -80.61 -6.45 -87.07 -12.37 -83.91 5162.1
