135.938 214A 31.9559 -112.812 11.35 57.43 19.8 62.89 36.06 77.84 -47.15 74.32 12.55 5191.5 550.9 604.6
135.647 319A 31.3757 -109.281 11.35 57.43 19.8 61.22 29.45 73.76 -41.23 71.02 4.76 5190.1 551.2 603.8
129.936 AMTX 34.8837 -101.681 11.35 57.43 19.8 59.54 18.98 67.75 -17.10 64.75 3.65 5168.4 555.2 589.0
128.244 BMN 40.4314 -117.221 11.35 57.43 19.8 67.29 46.23 81.30 23.04 74.54 39.76 5164.4 556.0 584.9
135.056 BZN 33.4915 -116.667 11.35 57.43 19.8 64.73 44.15 82.89 -47.97 76.94 27.84 5187.0 551.7 602.1
130.834 CMB 38.0345 -120.387 11.35 57.43 19.8 67.01 52.63 85.57 27.89 76.46 48.62 5171.0 554.7 591.2
132.28 CWC 36.4399 -118.08 11.35 57.43 19.8 66.23 47.47 84.87 -9.80 76.53 38.00 5175.5 553.8 594.8
132.398 DAC 36.277 -117.594 11.35 57.43 19.8 66.10 46.40 84.42 -13.32 76.40 35.92 5175.8 553.8 595.1
127.925 DUG 40.195 -112.813 11.35 57.43 19.8 66.23 37.65 78.22 8.12 72.72 27.82 5163.8 556.1 584.2
127.727 ELK 40.7448 -115.239 11.35 57.43 19.8 66.98 42.37 79.73 17.21 73.68 34.56 5163.5 556.2 583.8
132.137 FUR 36.4672 -116.863 11.35 57.43 19.8 66.03 44.87 83.61 -12.44 76.00 33.52 5175.0 553.9 594.4
135.234 GLA 33.0515 -114.827 11.35 57.43 19.8 64.07 40.23 80.69 -45.59 75.80 20.46 5187.9 551.6 602.6
127.03 LPAZ -16.2879 -68.1307 11.35 57.43 19.8 -3.50 2.49 -7.19 -10.85 -5.38 -4.16 5162.7 556.4 582.8
135.181 LVA2 33.3516 -116.562 11.35 57.43 19.8 64.64 43.92 82.70 -49.03 76.92 27.17 5187.6 551.6 602.5
127.522 M02C 41.392 -122.854 11.35 57.43 19.8 67.93 58.02 82.00 59.25 74.97 58.35 5163.1 556.3 583.3
132.605 MPM 36.058 -117.489 11.35 57.43 19.8 66.00 46.15 84.36 -16.48 76.44 35.22 5176.5 553.6 595.6
129.92 MVCO 37.2103 -108.499 11.35 57.43 19.8 63.75 29.28 75.00 -11.37 70.48 14.49 5168.3 555.2 588.9
127.94 N02D 40.974 -122.705 11.35 57.43 19.8 67.85 57.71 82.51 58.36 75.18 57.88 5163.9 556.1 584.2
130.307 NV31 38.4328 -118.155 11.35 57.43 19.8 66.90 47.86 83.69 13.90 75.71 40.62 5169.4 555.0 589.9
128.614 O03E 40.2946 -121.802 11.35 57.43 19.8 67.70 55.79 83.29 51.34 75.50 54.74 5165.2 555.8 585.8
130.282 PRA 3.6953 -74.9013 11.35 57.43 19.8 18.56 -0.12 17.15 -19.54 18.09 -9.87 5170.0 554.9 590.4
127.375 Q24A 38.9641 -105.149 11.35 57.43 19.8 63.03 24.91 71.74 -4.01 68.01 13.15 5162.8 556.3 583.0
130.132 R11A 38.3489 -115.585 11.35 57.43 19.8 66.40 42.52 81.59 2.74 74.70 32.17 5168.9 555.1 589.4
127.848 RUS 5.9271 -73.0755 11.35 57.43 19.8 20.18 -0.80 19.36 -16.57 19.95 -8.71 5164.1 556.1 584.6
128.981 S22A 37.7461 -106.829 11.35 57.43 19.8 63.28 26.86 73.36 -8.87 69.22 13.09 5166.1 555.7 586.7
128.607 SDCO 37.7456 -105.501 11.35 57.43 19.8 62.70 24.93 72.08 -8.74 68.23 11.50 5165.2 555.8 585.8
128.56 SRU 39.1108 -110.524 11.35 57.43 19.8 65.20 33.25 76.67 -0.86 71.65 21.29 5165.1 555.9 585.7
128.837 T25A 37.1388 -104.411 11.35 57.43 19.8 61.95 23.21 70.98 -10.85 67.36 9.36 5165.8 555.7 586.4
135.147 TUC 32.3098 -110.785 11.35 57.43 19.8 62.35 32.24 75.96 -39.92 72.48 9.02 5187.5 551.6 602.4
131.501 U15A 36.428 -112.291 11.35 57.43 19.8 64.81 35.72 78.87 -15.97 73.30 20.19 5173.1 554.3 592.9
128.911 WMOK 34.7379 -98.7807 11.35 57.43 19.8 57.94 15.71 64.90 -15.20 62.29 2.03 5166.0 555.7 586.6
132.2 WUAZ 35.5169 -111.374 11.35 57.43 19.8 64.14 33.81 77.85 -21.63 72.77 16.48 5175.2 553.9 594.6
133.274 X16A 34.4178 -111.441 11.35 57.43 19.8 63.67 33.74 77.67 -28.68 72.95 14.50 5179.2 553.1 597.4
