 130.014 0.640853
 129.524 0.659214
 119.297 0.6983
 120.949 0.690823
 130.426 0.647087
 128.438 0.659308
 121.622 0.698394
 123.546 0.678974
 123.746 0.681637
 124.099 0.680818
 124.756 0.672932
 124.971 0.668917
 126.167 0.671016
 126.326 0.672274
 126.737 0.665943
 127.054 0.67385
 116.211 0.701627
 120.677 0.698152
 123.051 0.689422
 123.885 0.678183
 124.194 0.670088
 124.572 0.674119
 125.428 0.671915
 126.133 0.680658
 126.528 0.664234
 127.073 0.674706
 127.324 0.657733
 120.254 0.700022
 118.972 0.694304
 125.824 0.679386
 126.137 0.669225
 128.013 0.652782
 128.501 0.658577
 122.308 0.682778
 125.057 0.675257
 127.433 0.674844
 128.064 0.657993
 125.398 0.67411
 127.461 0.660395
 127.928 0.651488
 128.169 0.66597
 128.917 0.647655
 121.714 0.69732
 123.955 0.676023
 129.576 0.651214
