ACCN 43.3843 -73.6678 4.55 122.82 575 56.23 146.10 70.93 175.00 64.25 156.72 5171.2
BMNY 44.8399 -74.5065 4.55 122.82 575 56.61 146.51 69.69 170.27 63.62 155.66 5166.9
D55A 47.019 -75.4732 4.55 122.82 575 57.14 146.60 68.00 164.13 62.84 153.75 5162.2
D56A 47.0485 -74.7568 4.55 122.82 575 57.34 145.80 68.51 163.45 63.19 152.93 5162.5
D58A 47.0954 -72.8826 4.55 122.82 575 57.83 143.66 69.83 161.48 64.09 150.65 5163.3
D59A 47.0073 -71.8358 4.55 122.82 575 58.05 142.48 70.61 160.52 64.59 149.42 5163.9
E53A 46.3784 -77.6638 4.55 122.82 575 56.29 149.22 66.61 167.42 61.75 156.80 5162.2
E55A 46.4538 -76.0572 4.55 122.82 575 56.78 147.50 67.82 166.23 62.60 155.12 5162.9
E57A 46.4117 -74.1471 4.55 122.82 575 57.28 145.41 69.28 164.84 63.60 153.08 5163.9
E58A 46.3721 -73.2771 4.55 122.82 575 57.50 144.44 69.95 164.13 64.04 152.09 5164.4
F52A 45.7951 -79.3227 4.55 122.82 575 55.56 151.18 65.48 169.80 60.84 159.05 5162.2
F62A 45.8968 -69.9664 4.55 122.82 575 58.11 140.61 72.66 161.61 65.72 148.15 5167.0
G55A 45.2532 -76.7187 4.55 122.82 575 56.14 148.79 67.72 170.26 62.33 157.46 5164.6
G57A 45.1036 -74.9855 4.55 122.82 575 56.58 146.94 69.19 169.71 63.32 155.84 5166.0
H53A 44.5736 -78.5832 4.55 122.82 575 55.29 151.06 66.34 173.08 61.25 160.14 5164.7
H55A 44.5505 -77.183 4.55 122.82 575 55.71 149.61 67.53 172.68 62.09 158.90 5165.7
H56A 44.593 -76.2594 4.55 122.82 575 56.00 148.59 68.30 172.13 62.63 157.93 5166.3
H58A 44.4176 -74.1798 4.55 122.82 575 56.53 146.31 70.12 171.49 63.85 155.87 5168.0
I59A 43.7957 -73.8744 4.55 122.82 575 56.35 146.19 70.60 173.56 64.09 156.39 5169.9
I60A 43.844 -73.2916 4.55 122.82 575 56.53 145.47 71.10 172.98 64.42 155.59 5170.2
J48A 43.2986 -83.7849 4.55 122.82 575 52.92 156.57 62.00 176.96 57.87 165.48 5163.2
J57A 43.4099 -75.9968 4.55 122.82 575 55.58 148.81 68.83 175.99 62.84 159.35 5169.1
JCT 30.4794 -99.8022 4.55 122.82 575 37.81 172.09 42.24 -170.67 40.35 -179.57 5162.8
K48A 42.8032 -84.1197 4.55 122.82 575 52.55 157.11 61.68 178.16 57.55 166.32 5163.7
K56A 42.6981 -77.3244 4.55 122.82 575 54.83 150.58 67.75 178.76 61.99 161.70 5169.8
KGNO 44.2272 -76.4934 4.55 122.82 575 55.78 149.01 68.20 173.44 62.51 158.68 5166.9
L48A 41.9438 -84.4329 4.55 122.82 575 51.98 157.81 61.30 -179.77 57.14 167.62 5164.7
M48A 41.4846 -84.7171 4.55 122.82 575 51.62 158.27 60.97 -178.70 56.83 168.36 5165.3
MGMO 37.154 -92.2687 4.55 122.82 575 45.94 165.75 52.77 -173.76 49.80 175.28 5164.2
N47A 40.8801 -85.6942 4.55 122.82 575 50.91 159.37 59.98 -177.59 55.98 169.55 5165.4
N49A 40.922 -84.1825 4.55 122.82 575 51.50 158.08 61.35 -177.09 57.04 168.86 5167.0
N60A 40.8704 -75.1 4.55 122.82 575 54.63 148.74 70.01 -174.74 63.43 162.15 5177.3
O50A 40.1468 -83.6199 4.55 122.82 575 51.27 157.94 61.69 -174.86 57.21 169.63 5169.2
ODNJ 41.0829 -74.6056 4.55 122.82 575 54.89 148.08 70.48 -175.60 63.78 161.27 5177.1
P49A 39.5342 -84.7164 4.55 122.82 575 50.49 159.17 60.50 -173.85 56.23 170.91 5169.2
PLAL 34.9824 -88.0755 4.55 122.82 575 46.09 163.68 55.24 -166.10 51.64 177.28 5174.7
R40B 38.2909 -92.2684 4.55 122.82 575 46.71 165.24 53.33 -175.79 50.41 174.06 5162.7
S39B 37.6909 -93.3226 4.55 122.82 575 45.88 166.14 52.16 -175.44 49.39 174.76 5162.4
SADO 44.7694 -79.1417 4.55 122.82 575 55.19 151.52 65.84 172.67 60.92 160.33 5164.0
T50A 37.0204 -84.8384 4.55 122.82 575 48.83 160.28 59.41 -167.73 55.17 174.17 5175.1
U38B 36.4394 -94.3857 4.55 122.82 575 44.58 167.28 50.61 -174.12 47.97 176.04 5162.8
U40A 36.3563 -92.8535 4.55 122.82 575 45.14 166.44 51.84 -172.81 48.95 176.12 5164.6
U49A 36.5129 -85.7796 4.55 122.82 575 48.11 161.27 58.26 -167.32 54.21 175.07 5174.9
V51A 35.8033 -84.3511 4.55 122.82 575 48.18 160.26 59.25 -164.34 55.01 175.55 5179.6
V56A 35.8097 -80.4963 4.55 122.82 575 49.67 156.45 63.11 -160.45 58.22 174.00 5187.6
V57A 35.8875 -79.7758 4.55 122.82 575 49.99 155.65 63.90 -159.90 58.86 173.49 5188.9
WCNY 43.981 -75.6549 4.55 122.82 575 55.93 148.19 68.99 173.88 63.02 158.17 5168.0
X37A 34.5892 -95.3713 4.55 122.82 575 42.82 168.56 48.68 -172.03 46.16 177.75 5163.9
