 130.014 1.18526
 129.524 1.14727
 119.297 0.631992
 120.949 0.635671
 130.426 1.24326
 128.438 1.02354
 121.622 0.635808
 123.546 0.66744
 123.746 0.669644
 124.099 0.68275
 124.756 0.693664
 124.971 0.713384
 126.167 0.765889
 126.326 0.785816
 126.737 0.809954
 127.054 0.843811
 116.211 0.618855
 120.677 0.635715
 123.051 0.660628
 123.885 0.671842
 124.194 0.690935
 124.572 0.683965
 125.428 0.73492
 126.133 0.761316
 126.528 0.7938
 127.073 0.848522
 127.324 0.871699
 120.254 0.633447
 118.972 0.639039
 125.824 0.752426
 126.137 0.772485
 128.013 0.9734
 128.501 1.02321
 122.308 0.646445
 125.057 0.715411
 127.433 0.901396
 128.064 0.990217
 125.398 0.716248
 127.461 0.897952
 127.928 0.964612
 128.169 1.01137
 121.714 0.644029
 123.955 0.67753
 129.576 1.14409
 129.686 1.16211
 126.648 0.801366
 129.324 1.12524
 126.405 0.796418
 124.075 0.67902
 119.82 0.630346
 123.019 0.646508
 126.921 0.819553
 129.547 1.14753
 129.778 1.16076
 121.894 0.6431
 128.431 1.03736
 123.343 0.664204
 125.044 0.704905
 127.494 0.904453
 130.328 1.23687
 127.745 0.938692
 129.776 1.16155
 130.14 1.21173
 127.181 0.857035
 128.162 0.98895
 121.679 0.637543
 122.406 0.63808
 127.794 0.958072
 128.437 1.02876
 131.91 1.45128
 129.317 1.12114
 115.451 0.633762
 129.317 1.11891
 131.868 1.44781
 128.3 1.01825
 124.753 0.699787
 125.634 0.738894
 129.319 1.11047
 129.676 1.14935
 129.239 1.10191
 131.106 1.33262
 131.776 1.43032
 122.507 0.644593
 126.389 0.79098
 130.094 1.20217
 126.204 0.762069
 128.471 1.03927
 127.103 0.85341
 131.187 1.33539
 118.525 0.634497
 119.576 0.632974
 124.81 0.699784
 130.847 1.29425
 131.258 1.36144
 133.466 1.66784
 126.417 0.780594
 127.388 0.89865
 131.182 1.34451
 130.526 1.25735
 132.457 1.52282
 134.284 1.79185
 134.538 1.83043
 124.468 0.687563
 127.605 0.92279
 128.905 1.08362
 130.394 1.23068
 127.004 0.831821
 119.428 0.639044
