 130.014 1.05388
 129.524 1.02711
 119.297 0.626352
 120.949 0.632145
 130.426 1.08178
 128.438 0.901785
 121.622 0.634321
 123.546 0.665017
 123.746 0.672004
 124.099 0.684451
 124.756 0.693381
 124.971 0.706552
 126.167 0.730808
 126.326 0.734743
 126.737 0.734994
 127.054 0.73861
 116.211 0.627344
 120.677 0.629722
 123.051 0.64949
 123.885 0.669737
 124.194 0.681907
 124.572 0.679107
 125.428 0.711289
 126.133 0.738113
 126.528 0.729501
 127.073 0.74356
 127.324 0.739723
 120.254 0.629366
 118.972 0.617186
 125.824 0.719037
 126.137 0.723712
 128.013 0.794586
 128.501 0.927277
 122.308 0.640269
 125.057 0.69558
 127.433 0.74836
 128.064 0.772865
 125.398 0.709152
 127.928 0.767676
 128.169 0.811799
 128.917 1.00087
 121.714 0.642298
 123.955 0.67492
 129.576 1.02935
 129.686 1.04715
 126.648 0.728785
 129.324 1.02774
 126.405 0.740133
 124.075 0.68472
 119.82 0.634123
 123.019 0.65716
 129.547 1.04728
 129.778 1.04129
 121.894 0.639426
 128.431 0.920358
 123.343 0.657895
 125.044 0.705429
 127.494 0.758686
 130.328 1.07742
