 130.014 1.0827
 128.438 1.08675
 126.167 1.02061
 126.326 1.05216
 126.737 1.10878
 127.054 1.17305
 126.133 1.02221
 126.528 1.05473
 127.073 1.0853
 127.324 1.08653
 126.137 1.05649
 128.501 1.08898
 127.433 1.13265
 128.064 1.06706
 127.461 1.05638
 127.928 1.05465
 128.169 1.2557
 128.917 1.15984
 129.576 1.07554
 129.686 1.0696
 126.648 1.07488
 129.324 1.1188
 126.405 1.04696
 126.921 1.09449
 129.547 1.13492
 128.431 1.12998
 127.494 1.04964
 127.745 1.05599
 127.181 1.10546
 127.794 1.03576
 128.437 1.04229
 131.91 1.54251
 129.317 1.07751
 131.868 1.02031
 129.319 1.18308
 131.106 1.0198
 126.389 1.03817
 126.204 1.02624
 127.103 1.05104
 131.258 1.01291
 126.417 1.00816
 127.388 1.03659
 131.182 1.05855
 132.457 1.05875
 134.284 1.12784
 134.538 1.069
 128.905 1.06166
 127.004 1.017
