116.882 113A 32.7683 -113.767 -7.24 128.83 105.2 22.95 178.85 23.73 -179.35 23.34 179.75 5154.0 547.0 550.5
121.882 121A 32.5324 -107.785 -7.24 128.83 105.2 23.48 178.29 26.53 -174.42 25.05 -178.11 5156.1 546.6 560.5
117.809 214A 31.9559 -112.812 -7.24 128.83 105.2 22.36 179.11 23.53 -178.10 22.95 -179.50 5154.3 546.9 552.4
129.927 833A 28.3236 -99.3939 -7.24 128.83 105.2 20.71 178.03 27.28 -163.43 24.28 -172.94 5169.3 543.9 578.6
128.479 ABTX 32.6238 -99.6431 -7.24 128.83 105.2 24.76 176.29 31.42 -167.28 28.33 -175.75 5165.7 544.6 575.1
136.552 ACSO 40.2319 -82.982 -7.24 128.83 105.2 34.70 163.52 51.65 -161.94 44.47 178.30 5196.3 539.0 595.9
124.344 AGMN 48.2977 -95.8619 -7.24 128.83 105.2 38.08 165.92 44.82 176.21 41.57 170.80 5158.5 546.0 565.7
122.379 ANMO 34.9459 -106.457 -7.24 128.83 105.2 25.75 176.93 29.29 -175.15 27.58 -179.17 5156.5 546.5 561.6
126.275 BGNE 41.4083 -98.1502 -7.24 128.83 105.2 32.59 171.21 39.57 -175.52 36.26 177.55 5161.3 545.5 570.0
138.844 BINY 42.1993 -75.9861 -7.24 128.83 105.2 37.61 156.74 60.03 -160.72 50.71 172.97 5211.4 536.5 602.5
128.221 C40A 47.9154 -89.1514 -7.24 128.83 105.2 39.24 163.11 49.70 179.18 44.75 170.42 5165.0 544.7 574.4
141.115 CBN 38.2046 -77.3732 -7.24 128.83 105.2 33.78 159.53 55.97 -150.89 47.53 179.17 5230.2 533.6 609.5
129.358 COWI 46.1003 -89.1369 -7.24 128.83 105.2 38.01 164.27 49.10 -177.51 43.91 172.53 5167.7 544.2 577.1
129.068 D41A 47.0605 -88.5657 -7.24 128.83 105.2 38.79 163.34 49.91 -179.03 44.68 171.31 5167.0 544.3 576.4
133.273 D50A 47.1668 -79.8412 -7.24 128.83 105.2 40.66 157.60 57.50 -176.56 49.79 168.28 5180.2 541.8 586.9
134.047 D52A 46.9764 -78.4117 -7.24 128.83 105.2 40.82 156.62 58.80 -175.78 50.61 167.79 5183.3 541.2 588.9
134.271 D53A 47.0795 -77.7001 -7.24 128.83 105.2 41.02 156.00 59.48 -175.92 51.07 167.24 5184.3 541.0 589.5
135.489 D56A 47.0485 -74.7568 -7.24 128.83 105.2 41.52 153.54 62.32 -175.43 52.89 165.33 5190.4 540.0 592.8
136.599 D59A 47.0073 -71.8358 -7.24 128.83 105.2 41.97 150.94 65.21 -175.32 54.69 162.98 5196.4 538.9 595.9
119.378 DGMT 48.4702 -104.196 -7.24 128.83 105.2 36.56 168.41 39.43 172.74 38.01 170.53 5154.8 546.8 555.4
116.195 DUG 40.195 -112.813 -7.24 128.83 105.2 29.11 175.14 29.67 176.19 29.39 175.66 5153.8 547.1 549.1
127.714 E38A 46.6058 -91.5542 -7.24 128.83 105.2 37.84 165.18 47.36 -179.42 42.86 172.29 5164.0 544.9 573.2
130.337 E43A 46.3758 -86.9954 -7.24 128.83 105.2 38.65 162.87 50.98 -177.12 45.25 171.79 5170.4 543.7 579.5
130.736 E44A 46.6199 -85.9214 -7.24 128.83 105.2 39.04 162.07 51.98 -177.18 45.98 171.24 5171.6 543.4 580.5
131.729 E46A 46.3665 -84.3062 -7.24 128.83 105.2 39.21 161.20 53.30 -176.05 46.81 171.09 5174.6 542.8 582.9
132.18 E47A 46.4547 -83.2777 -7.24 128.83 105.2 39.50 160.48 54.23 -175.89 47.46 170.64 5176.0 542.6 584.0
132.702 E48A 46.4809 -82.1653 -7.24 128.83 105.2 39.74 159.68 55.25 -175.55 48.15 170.20 5178.0 542.2 585.4
133.42 E50A 46.4232 -80.7378 -7.24 128.83 105.2 39.98 158.68 56.55 -174.94 49.00 169.68 5180.8 541.7 587.2
133.909 E51A 46.5333 -79.4924 -7.24 128.83 105.2 40.31 157.69 57.73 -174.86 49.81 168.95 5182.8 541.3 588.5
134.472 E52A 46.2851 -78.6569 -7.24 128.83 105.2 40.29 157.17 58.49 -173.96 50.26 168.85 5185.3 540.9 590.0
134.836 E53A 46.3784 -77.6638 -7.24 128.83 105.2 40.54 156.31 59.46 -173.93 50.92 168.17 5187.1 540.5 591.0
134.997 E54A 46.4339 -77.1869 -7.24 128.83 105.2 40.66 155.89 59.93 -173.97 51.24 167.81 5187.9 540.4 591.5
135.454 E55A 46.4538 -76.0572 -7.24 128.83 105.2 40.88 154.94 61.04 -173.78 51.96 167.07 5190.2 540.0 592.7
136.251 E57A 46.4117 -74.1471 -7.24 128.83 105.2 41.20 153.31 62.92 -173.36 53.17 165.76 5194.2 539.3 594.9
126.215 ECSD 43.7337 -96.6141 -7.24 128.83 105.2 34.70 169.23 42.12 -177.60 38.59 175.47 5161.2 545.5 569.8
116.1 EGMT 48.024 -109.755 -7.24 128.83 105.2 35.33 169.89 35.93 170.81 35.63 170.35 5153.8 547.1 548.9
126.956 EYMN 47.9462 -91.4953 -7.24 128.83 105.2 38.75 164.26 47.90 178.35 43.54 170.77 5162.6 545.2 571.5
130.118 F42A 45.7587 -88.1347 -7.24 128.83 105.2 37.98 163.92 49.80 -176.43 44.31 172.76 5169.7 543.8 578.9
133.277 F49A 45.7627 -82.0423 -7.24 128.83 105.2 39.25 160.00 55.18 -173.82 47.95 171.08 5180.3 541.8 586.9
134.17 F51A 45.9284 -79.915 -7.24 128.83 105.2 39.81 158.34 57.21 -173.45 49.35 169.96 5183.8 541.1 589.2
134.544 F52A 45.7951 -79.3227 -7.24 128.83 105.2 39.82 157.94 57.76 -172.87 49.68 169.85 5185.7 540.8 590.2
136.53 F57A 45.8122 -74.6928 -7.24 128.83 105.2 40.67 154.06 62.35 -171.49 52.71 167.01 5196.0 539.0 595.7
117.753 FFC 54.725 -101.978 -7.24 128.83 105.2 40.81 163.09 42.81 165.53 41.82 164.29 5154.3 546.9 552.2
128.697 G39A 45.2867 -91.1698 -7.24 128.83 105.2 36.99 165.84 47.10 -177.04 42.36 173.71 5166.1 544.5 575.5
129.263 G40A 45.2684 -90.2006 -7.24 128.83 105.2 37.19 165.35 47.88 -176.53 42.89 173.63 5167.4 544.2 576.9
131.919 G45A 45.0404 -85.6571 -7.24 128.83 105.2 37.99 162.86 51.65 -173.87 45.41 173.09 5175.2 542.7 583.4
132.777 G47A 45.173 -83.8551 -7.24 128.83 105.2 38.46 161.60 53.32 -173.28 46.57 172.44 5178.3 542.1 585.6
135.375 G53A 45.1222 -78.6237 -7.24 128.83 105.2 39.45 157.72 58.29 -170.78 49.91 170.40 5189.9 540.1 592.5
135.408 G54A 45.3979 -78.0898 -7.24 128.83 105.2 39.76 157.15 58.88 -171.32 50.36 169.75 5190.0 540.0 592.6
136.128 G55A 45.2532 -76.7187 -7.24 128.83 105.2 39.91 156.08 60.22 -170.41 51.23 169.15 5193.6 539.4 594.6
132.615 GLMI 44.8245 -84.6175 -7.24 128.83 105.2 38.05 162.31 52.50 -172.91 45.94 173.09 5177.7 542.3 585.2
132.983 H47A 44.5994 -84.2062 -7.24 128.83 105.2 37.97 162.16 52.79 -172.21 46.09 173.26 5179.1 542.0 586.1
135.809 H53A 44.5736 -78.5832 -7.24 128.83 105.2 39.06 157.96 58.18 -169.28 49.75 171.12 5192.0 539.7 593.7
130.821 I42A 43.8908 -88.9134 -7.24 128.83 105.2 36.43 165.48 48.31 -173.40 42.86 175.02 5171.9 543.4 580.7
134.159 I49A 43.94 -82.8246 -7.24 128.83 105.2 37.77 161.57 53.80 -170.02 46.65 173.67 5183.8 541.1 589.2
135.184 I51A 43.8036 -81.0231 -7.24 128.83 105.2 38.00 160.27 55.50 -168.61 47.79 173.22 5188.9 540.2 592.0
135.884 I53A 43.8238 -79.5912 -7.24 128.83 105.2 38.30 159.14 56.92 -167.83 48.77 172.61 5192.4 539.6 593.9
116.591 IMW 43.897 -110.939 -7.24 128.83 105.2 32.19 172.74 33.05 174.19 32.62 173.47 5153.9 547.0 549.9
121.62 ISCO 39.7997 -105.613 -7.24 128.83 105.2 29.92 174.24 33.50 -178.77 31.76 177.67 5155.9 546.6 560.0
133.552 J47A 43.2382 -84.8214 -7.24 128.83 105.2 36.80 163.32 51.62 -169.70 45.00 175.08 5181.4 541.6 587.6
134.081 J48A 43.2986 -83.7849 -7.24 128.83 105.2 37.07 162.59 52.61 -169.18 45.70 174.75 5183.5 541.2 589.0
134.388 J49A 43.36 -83.1389 -7.24 128.83 105.2 37.25 162.09 53.26 -168.90 46.16 174.49 5185.0 540.9 589.8
137.16 J55A 43.2657 -77.8167 -7.24 128.83 105.2 38.18 157.92 58.53 -165.20 49.78 172.51 5200.0 538.3 597.6
128.994 JCT 30.4794 -99.8022 -7.24 128.83 105.2 22.73 177.28 29.24 -165.57 26.24 -174.39 5166.9 544.3 576.4
130.598 JFWS 42.9142 -90.2481 -7.24 128.83 105.2 35.40 166.79 46.66 -172.53 41.49 176.23 5171.2 543.5 580.1
133.82 K47A 42.6704 -84.9993 -7.24 128.83 105.2 36.33 163.76 51.16 -168.65 44.57 175.80 5182.5 541.4 588.3
134.225 K48A 42.8032 -84.1197 -7.24 128.83 105.2 36.62 163.09 52.05 -168.34 45.22 175.44 5184.2 541.1 589.4
136.07 K52A 42.7805 -80.7139 -7.24 128.83 105.2 37.26 160.55 55.36 -165.93 47.52 174.44 5193.4 539.4 594.5
130.383 KAPO 49.4504 -82.5079 -7.24 128.83 105.2 41.58 158.14 55.38 177.57 48.88 166.51 5170.5 543.6 579.5
124.064 KSCO 39.0112 -102.627 -7.24 128.83 105.2 29.80 173.96 34.82 -175.92 32.41 178.88 5158.3 546.1 565.1
130.472 L40A 42.0628 -91.2218 -7.24 128.83 105.2 34.53 167.80 45.35 -171.78 40.39 177.19 5170.8 543.6 579.8
133.488 L46A 42.0127 -86.2955 -7.24 128.83 105.2 35.53 164.96 49.61 -168.26 43.35 176.81 5181.2 541.6 587.5
134.147 L47A 41.9756 -85.2021 -7.24 128.83 105.2 35.73 164.27 50.59 -167.41 44.03 176.66 5183.8 541.1 589.2
135.455 L50A 42.043 -82.8095 -7.24 128.83 105.2 36.25 162.51 52.92 -165.72 45.68 176.04 5190.3 540.0 592.8
136.893 L53A 41.9539 -80.2598 -7.24 128.83 105.2 36.66 160.56 55.42 -163.53 47.42 175.34 5198.3 538.6 596.8
137.182 L54A 42.2345 -79.3162 -7.24 128.83 105.2 37.07 159.65 56.53 -163.49 48.25 174.60 5200.1 538.3 597.6
137.665 L55A 42.1831 -78.4368 -7.24 128.83 105.2 37.18 158.93 57.41 -162.67 48.86 174.28 5203.1 537.8 599.0
118.818 LAO 46.6885 -106.223 -7.24 128.83 105.2 34.97 170.09 37.35 173.87 36.17 171.95 5154.7 546.9 554.3
135.173 M49A 41.4745 -83.9752 -7.24 128.83 105.2 35.55 163.65 51.47 -165.41 44.55 177.02 5188.9 540.2 592.0
135.75 M50A 41.4035 -83.0428 -7.24 128.83 105.2 35.68 163.00 52.33 -164.51 45.15 176.89 5191.8 539.7 593.6
136.28 M51A 41.3321 -82.1831 -7.24 128.83 105.2 35.79 162.39 53.13 -163.66 45.71 176.75 5194.6 539.2 595.1
136.593 M52A 41.5405 -81.357 -7.24 128.83 105.2 36.12 161.64 54.08 -163.44 46.41 176.25 5196.5 538.9 596.0
137.523 M54A 41.5079 -79.6647 -7.24 128.83 105.2 36.40 160.27 55.79 -161.91 47.63 175.70 5202.3 537.9 598.6
122.407 MDND 47.8481 -99.6029 -7.24 128.83 105.2 37.03 167.57 42.07 175.38 39.62 171.33 5156.5 546.5 561.6
132.483 MIAR 34.5454 -93.5765 -7.24 128.83 105.2 27.57 172.91 37.55 -163.32 33.12 -175.88 5177.3 542.3 584.9
137.212 MNTQ 45.5003 -73.6228 -7.24 128.83 105.2 40.61 153.21 63.44 -170.17 53.36 166.63 5200.2 538.3 597.7
124.057 MNTX 31.6985 -105.382 -7.24 128.83 105.2 23.06 178.23 27.11 -171.76 25.17 -176.85 5158.3 546.1 565.2
125.574 MSTX 33.9696 -102.772 -7.24 128.83 105.2 25.48 176.58 30.66 -171.30 28.20 -177.50 5160.3 545.7 568.5
120.197 MVCO 37.2103 -108.499 -7.24 128.83 105.2 27.34 176.14 29.92 -178.50 28.66 178.79 5155.1 546.8 557.1
134.541 N47A 40.8801 -85.6942 -7.24 128.83 105.2 34.72 165.15 49.47 -165.62 43.02 178.02 5185.8 540.8 590.3
135.408 N49A 40.922 -84.1825 -7.24 128.83 105.2 35.05 164.07 50.93 -164.43 44.07 177.72 5190.1 540.0 592.7
136.105 N50A 40.7711 -83.1486 -7.24 128.83 105.2 35.13 163.39 51.84 -163.25 44.69 177.68 5193.6 539.4 594.6
136.907 N52A 40.8125 -81.6876 -7.24 128.83 105.2 35.43 162.23 53.32 -162.02 45.76 177.26 5198.5 538.6 596.9
137.737 N54A 40.9617 -79.9892 -7.24 128.83 105.2 35.87 160.79 55.14 -160.84 47.09 176.53 5203.6 537.7 599.3
138.664 N56A 40.9171 -78.2953 -7.24 128.83 105.2 36.13 159.34 56.89 -159.13 48.35 175.92 5210.1 536.7 602.0
119.594 O20A 40.1348 -108.242 -7.24 128.83 105.2 29.73 174.52 32.18 179.21 30.98 176.84 5154.9 546.8 555.9
135.782 O49A 40.188 -84.3353 -7.24 128.83 105.2 34.40 164.54 50.31 -163.08 43.49 178.61 5192.0 539.7 593.7
137.554 O53A 40.2493 -81.2129 -7.24 128.83 105.2 35.03 162.11 53.44 -160.29 45.77 177.83 5202.5 537.9 598.7
123.786 OGNE 40.9451 -102.033 -7.24 128.83 105.2 31.47 172.71 36.58 -177.54 34.12 177.44 5157.9 546.2 564.5
134.29 OLIL 38.7338 -88.0991 -7.24 128.83 105.2 32.41 167.81 45.75 -163.89 39.94 -179.41 5184.6 541.0 589.6
135.568 P48A 39.4605 -85.4258 -7.24 128.83 105.2 33.55 165.66 48.76 -162.66 42.24 179.61 5191.0 539.9 593.1
135.958 P49A 39.5342 -84.7164 -7.24 128.83 105.2 33.76 165.13 49.48 -162.15 42.78 179.43 5192.9 539.5 594.2
137.436 P52A 39.6337 -82.1325 -7.24 128.83 105.2 34.32 163.12 52.09 -159.81 44.70 178.83 5201.8 538.0 598.4
137.964 P53A 39.4868 -81.3896 -7.24 128.83 105.2 34.33 162.59 52.74 -158.74 45.15 178.83 5205.2 537.5 599.9
138.407 P54A 39.602 -80.4796 -7.24 128.83 105.2 34.58 161.78 53.75 -158.04 45.92 178.43 5208.3 537.0 601.3
117.882 PD31 42.7672 -109.558 -7.24 128.83 105.2 31.55 173.20 33.15 176.03 32.36 174.60 5154.4 546.9 552.5
122.226 Q24A 38.9641 -105.149 -7.24 128.83 105.2 29.32 174.60 33.19 -177.66 31.31 178.39 5156.4 546.5 561.2
135.694 Q48A 38.9295 -85.7311 -7.24 128.83 105.2 33.03 166.13 48.08 -161.97 41.65 -179.77 5191.6 539.8 593.5
136.171 Q49A 39.005 -84.8956 -7.24 128.83 105.2 33.26 165.52 48.92 -161.31 42.28 -179.94 5194.0 539.3 594.8
119.871 RWWY 41.6889 -107.21 -7.24 128.83 105.2 31.12 173.45 33.83 178.43 32.50 175.90 5155.0 546.8 556.4
121.331 S22A 37.7461 -106.829 -7.24 128.83 105.2 28.05 175.60 31.27 -177.76 29.70 178.87 5155.6 546.7 559.4
122.338 SDCO 37.7456 -105.501 -7.24 128.83 105.2 28.26 175.33 32.07 -176.79 30.22 179.19 5156.5 546.5 561.5
120.809 SMCO 39.1776 -106.974 -7.24 128.83 105.2 29.19 174.85 32.24 -179.12 30.75 177.82 5155.3 546.7 558.3
116.842 SNOW 43.4625 -110.755 -7.24 128.83 105.2 31.90 172.98 32.89 174.70 32.40 173.83 5154.0 547.0 550.4
127.779 SPMN 45.2246 -92.8037 -7.24 128.83 105.2 36.60 166.67 45.79 -177.75 41.45 173.91 5164.1 544.9 573.4
118.171 SRU 39.1108 -110.524 -7.24 128.83 105.2 28.57 175.42 30.18 178.58 29.39 176.99 5154.5 546.9 553.1
124.392 SUSD 44.4429 -98.9556 -7.24 128.83 105.2 34.75 169.63 40.84 -179.84 37.91 174.67 5158.6 546.0 565.8
123.349 T25A 37.1388 -104.411 -7.24 128.83 105.2 27.94 175.41 32.26 -175.44 30.18 179.89 5157.4 546.3 563.6
136.883 T49A 37.105 -85.5334 -7.24 128.83 105.2 31.40 166.82 46.79 -158.46 40.39 -177.79 5198.4 538.6 596.9
137.385 T50A 37.0204 -84.8384 -7.24 128.83 105.2 31.44 166.34 47.37 -157.52 40.82 -177.74 5201.6 538.1 598.3
119.442 TUC 32.3098 -110.785 -7.24 128.83 105.2 22.89 178.77 24.80 -176.70 23.87 -178.98 5154.9 546.8 555.6
126.045 TX31 29.3342 -103.668 -7.24 128.83 105.2 21.13 178.86 25.84 -168.50 23.62 -174.94 5161.0 545.5 569.6
126.046 TX32 29.3338 -103.667 -7.24 128.83 105.2 21.13 178.86 25.84 -168.50 23.62 -174.93 5161.0 545.5 569.6
117.417 U15A 36.428 -112.291 -7.24 128.83 105.2 26.16 177.02 27.29 179.37 26.73 178.19 5154.2 547.0 551.6
127.693 U32A 36.3795 -99.0014 -7.24 128.83 105.2 28.23 174.26 35.19 -170.38 31.94 -178.35 5164.0 544.9 573.3
137.732 U50A 36.4156 -84.8431 -7.24 128.83 105.2 30.87 166.61 46.83 -156.45 40.32 -177.08 5203.7 537.7 599.3
133.302 UALR 34.7751 -92.3429 -7.24 128.83 105.2 28.00 172.16 38.74 -162.33 34.03 -175.89 5180.6 541.7 587.1
123.276 ULM 50.2503 -95.875 -7.24 128.83 105.2 39.34 164.54 45.46 173.27 42.48 168.69 5157.3 546.3 563.4
116.397 W13A 35.099 -113.885 -7.24 128.83 105.2 24.88 177.82 25.48 179.10 25.18 178.45 5153.9 547.0 549.5
119.727 W18A 35.1181 -109.736 -7.24 128.83 105.2 25.42 177.36 27.63 -177.80 26.54 179.75 5155.0 546.8 556.2
132.053 W39A 35.196 -93.784 -7.24 128.83 105.2 28.14 172.71 37.99 -164.32 33.59 -176.46 5175.7 542.6 583.8
130.436 WHTX 31.9913 -97.4561 -7.24 128.83 105.2 24.51 175.77 32.27 -164.53 28.75 -174.74 5170.8 543.6 579.8
128.452 WMOK 34.7379 -98.7807 -7.24 128.83 105.2 26.82 175.00 33.93 -168.50 30.64 -177.05 5165.6 544.6 575.0
118.333 WUAZ 35.5169 -111.374 -7.24 128.83 105.2 25.53 177.35 27.08 -179.31 26.31 179.01 5154.5 546.9 553.4
137.416 WVNY 42.4062 -78.6042 -7.24 128.83 105.2 37.34 158.98 57.35 -163.39 48.85 174.06 5201.6 538.1 598.3
118.501 X16A 34.4178 -111.441 -7.24 128.83 105.2 24.60 177.88 26.19 -178.60 25.41 179.63 5154.6 546.9 553.7
119.683 X18A 34.5293 -109.95 -7.24 128.83 105.2 24.89 177.66 27.04 -177.54 25.99 -179.96 5155.0 546.8 556.1
116.101 Y12C 33.7503 -114.524 -7.24 128.83 105.2 23.70 178.49 24.13 179.46 23.92 178.97 5153.8 547.1 549.0
117.316 Y14A 33.9383 -113.005 -7.24 128.83 105.2 24.02 178.26 25.02 -179.48 24.52 179.39 5154.2 547.0 551.4
122.226 Y22A 33.937 -106.965 -7.24 128.83 105.2 24.81 177.51 28.17 -174.77 26.54 -178.69 5156.4 546.5 561.3
139.697 Y52A 33.864 -84.0626 -7.24 128.83 105.2 28.49 167.02 45.06 -151.06 38.65 -174.41 5218.0 535.5 605.2
142.314 Z57A 33.297 -80.7039 -7.24 128.83 105.2 28.31 164.25 47.66 -144.94 40.79 -173.97 5242.7 531.9 613.5
