116.882 113A 32.7683 -113.767 -7.24 128.83 105.2 23.19 179.40 23.49 -179.91 23.34 179.75 5153.7 548.1 549.4
121.882 121A 32.5324 -107.785 -7.24 128.83 105.2 23.73 178.85 26.30 -175.00 25.05 -178.11 5155.5 547.7 559.5
117.809 214A 31.9559 -112.812 -7.24 128.83 105.2 22.60 179.67 23.30 -178.67 22.95 -179.50 5153.9 548.0 551.3
129.927 833A 28.3236 -99.3939 -7.24 128.83 105.2 20.84 178.31 27.19 -163.75 24.28 -172.94 5169.6 544.4 578.2
128.479 ABTX 32.6238 -99.6431 -7.24 128.83 105.2 24.95 176.67 31.28 -167.71 28.33 -175.75 5165.5 545.3 574.5
136.552 ACSO 40.2319 -82.982 -7.24 128.83 105.2 34.16 162.87 51.92 -160.79 44.47 178.30 5204.7 537.6 597.4
124.344 AGMN 48.2977 -95.8619 -7.24 128.83 105.2 38.46 166.41 44.49 175.62 41.57 170.80 5157.9 547.1 564.7
122.379 ANMO 34.9459 -106.457 -7.24 128.83 105.2 26.02 177.48 29.06 -175.72 27.58 -179.17 5155.9 547.5 560.6
126.275 BGNE 41.4083 -98.1502 -7.24 128.83 105.2 32.88 171.67 39.33 -176.07 36.26 177.55 5160.8 546.4 569.2
138.844 BINY 42.1993 -75.9861 -7.24 128.83 105.2 37.35 156.50 60.15 -160.12 50.71 172.97 5215.1 535.9 603.2
128.221 C40A 47.9154 -89.1514 -7.24 128.83 105.2 39.53 163.45 49.46 178.69 44.75 170.42 5164.8 545.5 573.7
141.115 CBN 38.2046 -77.3732 -7.24 128.83 105.2 33.61 159.35 56.02 -150.49 47.53 179.17 5233.1 533.2 610.0
129.358 COWI 46.1003 -89.1369 -7.24 128.83 105.2 38.24 164.56 48.91 -177.93 43.91 172.53 5167.8 544.8 576.6
129.068 D41A 47.0605 -88.5657 -7.24 128.83 105.2 39.05 163.65 49.70 -179.48 44.68 171.31 5166.9 545.0 575.8
133.273 D50A 47.1668 -79.8412 -7.24 128.83 105.2 40.60 157.54 57.55 -176.43 49.79 168.28 5183.0 541.6 587.1
134.047 D52A 46.9764 -78.4117 -7.24 128.83 105.2 40.64 156.45 58.92 -175.43 50.61 167.79 5187.1 540.8 589.4
134.271 D53A 47.0795 -77.7001 -7.24 128.83 105.2 40.80 155.80 59.63 -175.49 51.07 167.24 5188.5 540.6 590.1
135.489 D56A 47.0485 -74.7568 -7.24 128.83 105.2 41.10 153.21 62.59 -174.56 52.89 165.33 5196.3 539.1 593.8
136.599 D59A 47.0073 -71.8358 -7.24 128.83 105.2 41.30 150.47 65.63 -173.81 54.69 162.98 5204.7 537.5 597.4
119.378 DGMT 48.4702 -104.196 -7.24 128.83 105.2 36.94 168.95 39.07 172.15 38.01 170.53 5154.3 547.9 554.3
116.195 DUG 40.195 -112.813 -7.24 128.83 105.2
127.714 E38A 46.6058 -91.5542 -7.24 128.83 105.2 38.14 165.56 47.12 -179.93 42.86 172.29 5163.7 545.7 572.5
130.337 E43A 46.3758 -86.9954 -7.24 128.83 105.2 38.84 163.10 50.84 -177.46 45.25 171.79 5170.8 544.2 579.1
130.736 E44A 46.6199 -85.9214 -7.24 128.83 105.2 39.21 162.26 51.86 -177.47 45.98 171.24 5172.3 543.8 580.1
131.729 E46A 46.3665 -84.3062 -7.24 128.83 105.2 39.30 161.30 53.24 -176.22 46.81 171.09 5175.9 543.1 582.8
132.18 E47A 46.4547 -83.2777 -7.24 128.83 105.2 39.55 160.54 54.19 -175.99 47.46 170.64 5177.6 542.7 584.0
132.702 E48A 46.4809 -82.1653 -7.24 128.83 105.2 39.73 159.68 55.25 -175.54 48.15 170.20 5180.2 542.2 585.5
133.42 E50A 46.4232 -80.7378 -7.24 128.83 105.2 39.90 158.60 56.60 -174.78 49.00 169.68 5183.7 541.5 587.6
133.909 E51A 46.5333 -79.4924 -7.24 128.83 105.2 40.16 157.55 57.83 -174.57 49.81 168.95 5186.2 541.0 589.0
134.472 E52A 46.2851 -78.6569 -7.24 128.83 105.2 40.05 156.94 58.64 -173.48 50.26 168.85 5189.8 540.3 590.7
134.836 E53A 46.3784 -77.6638 -7.24 128.83 105.2 40.24 156.05 59.65 -173.33 50.92 168.17 5192.0 539.9 591.8
134.997 E54A 46.4339 -77.1869 -7.24 128.83 105.2 40.34 155.61 60.13 -173.31 51.24 167.81 5193.0 539.7 592.3
135.454 E55A 46.4538 -76.0572 -7.24 128.83 105.2 40.48 154.60 61.29 -172.94 51.96 167.07 5196.0 539.1 593.7
136.251 E57A 46.4117 -74.1471 -7.24 128.83 105.2 40.60 152.84 63.29 -172.05 53.17 165.76 5202.2 538.0 596.3
126.215 ECSD 43.7337 -96.6141 -7.24 128.83 105.2 35.01 169.69 41.86 -178.16 38.59 175.47 5160.7 546.4 569.0
116.1 EGMT 48.024 -109.755 -7.24 128.83 105.2
126.956 EYMN 47.9462 -91.4953 -7.24 128.83 105.2 39.09 164.67 47.62 177.79 43.54 170.77 5162.0 546.1 570.7
130.118 F42A 45.7587 -88.1347 -7.24 128.83 105.2 38.18 164.17 49.64 -176.80 44.30 172.76 5170.0 544.3 578.5
133.277 F49A 45.7627 -82.0423 -7.24 128.83 105.2 39.19 159.93 55.22 -173.69 47.95 171.08 5183.0 541.6 587.1
134.17 F51A 45.9284 -79.915 -7.24 128.83 105.2 39.61 158.15 57.34 -173.06 49.35 169.96 5187.9 540.7 589.8
134.544 F52A 45.7951 -79.3227 -7.24 128.83 105.2 39.57 157.70 57.92 -172.37 49.69 169.85 5190.2 540.2 590.9
136.53 F57A 45.8122 -74.6928 -7.24 128.83 105.2 40.03 153.54 62.73 -170.08 52.71 167.01 5204.3 537.6 597.2
117.753 FFC 54.725 -101.978 -7.24 128.83 105.2 41.23 163.59 42.39 165.00 41.82 164.29 5153.9 548.0 551.1
128.697 G39A 45.2867 -91.1698 -7.24 128.83 105.2 37.25 166.18 46.90 -177.51 42.36 173.71 5165.9 545.2 574.9
129.263 G40A 45.2684 -90.2006 -7.24 128.83 105.2 37.42 165.66 47.70 -176.95 42.89 173.63 5167.5 544.9 576.3
131.919 G45A 45.0404 -85.6571 -7.24 128.83 105.2 38.06 162.95 51.60 -174.01 45.41 173.09 5176.6 542.9 583.3
132.777 G47A 45.173 -83.8551 -7.24 128.83 105.2 38.45 161.58 53.33 -173.26 46.57 172.44 5180.6 542.1 585.7
135.375 G53A 45.1222 -78.6237 -7.24 128.83 105.2 39.09 157.37 58.51 -170.02 49.92 170.40 5195.5 539.2 593.5
135.408 G54A 45.3979 -78.0898 -7.24 128.83 105.2 39.38 156.80 59.11 -170.54 50.36 169.75 5195.7 539.2 593.6
136.128 G55A 45.2532 -76.7187 -7.24 128.83 105.2 39.36 155.60 60.54 -169.23 51.23 169.15 5201.3 538.2 595.9
132.615 GLMI 44.8245 -84.6175 -7.24 128.83 105.2 38.05 162.31 52.50 -172.91 45.94 173.09 5179.8 542.3 585.3
132.983 H47A 44.5994 -84.2062 -7.24 128.83 105.2 37.93 162.12 52.81 -172.14 46.09 173.26 5181.6 541.9 586.3
135.809 H53A 44.5736 -78.5832 -7.24 128.83 105.2 38.60 157.52 58.45 -168.30 49.75 171.12 5198.8 538.6 594.9
130.821 I42A 43.8908 -88.9134 -7.24 128.83 105.2 36.58 165.67 48.21 -173.68 42.86 175.02 5172.6 543.8 580.4
134.159 I49A 43.94 -82.8246 -7.24 128.83 105.2 37.58 161.36 53.92 -169.65 46.65 173.67 5187.9 540.7 589.8
135.184 I51A 43.8036 -81.0231 -7.24 128.83 105.2 37.68 159.94 55.69 -167.95 47.79 173.22 5194.3 539.4 592.9
135.884 I53A 43.8238 -79.5912 -7.24 128.83 105.2 37.83 158.67 57.19 -166.84 48.77 172.61 5199.4 538.5 595.1
116.591 IMW 43.897 -110.939 -7.24 128.83 105.2 32.52 173.29 32.73 173.64 32.62 173.47 5153.6 548.1 548.8
121.62 ISCO 39.7997 -105.613 -7.24 128.83 105.2 30.22 174.78 33.23 -179.36 31.76 177.67 5155.3 547.7 558.9
133.552 J47A 43.2382 -84.8214 -7.24 128.83 105.2 36.72 163.22 51.68 -169.52 45.00 175.08 5184.4 541.3 588.0
134.081 J48A 43.2986 -83.7849 -7.24 128.83 105.2 36.90 162.39 52.72 -168.85 45.70 174.75 5187.4 540.8 589.5
134.388 J49A 43.36 -83.1389 -7.24 128.83 105.2 37.03 161.85 53.39 -168.47 46.16 174.49 5189.3 540.4 590.5
137.16 J55A 43.2657 -77.8167 -7.24 128.83 105.2 37.68 157.44 58.78 -164.10 49.78 172.51 5206.9 537.2 598.8
128.994 JCT 30.4794 -99.8022 -7.24 128.83 105.2 22.89 177.63 29.13 -165.96 26.24 -174.39 5166.9 545.0 575.8
130.598 JFWS 42.9142 -90.2481 -7.24 128.83 105.2 35.56 167.00 46.55 -172.82 41.49 176.23 5171.8 543.9 579.8
133.82 K47A 42.6704 -84.9993 -7.24 128.83 105.2 36.21 163.61 51.24 -168.42 44.57 175.80 5185.8 541.1 588.8
134.225 K48A 42.8032 -84.1197 -7.24 128.83 105.2 36.43 162.86 52.17 -167.96 45.22 175.44 5188.3 540.6 590.0
136.07 K52A 42.7805 -80.7139 -7.24 128.83 105.2 36.77 160.02 55.63 -164.88 47.52 174.44 5200.9 538.2 595.8
130.383 KAPO 49.4504 -82.5079 -7.24 128.83 105.2 41.79 158.34 55.22 177.22 48.88 166.51 5170.9 544.1 579.2
124.064 KSCO 39.0112 -102.627 -7.24 128.83 105.2 30.10 174.49 34.57 -176.50 32.41 178.88 5157.6 547.1 564.2
130.472 L40A 42.0628 -91.2218 -7.24 128.83 105.2 34.69 168.02 45.23 -172.09 40.39 177.19 5171.4 544.0 579.5
133.488 L46A 42.0127 -86.2955 -7.24 128.83 105.2 35.45 164.86 49.66 -168.10 43.35 176.81 5184.1 541.4 587.8
134.147 L47A 41.9756 -85.2021 -7.24 128.83 105.2 35.56 164.05 50.69 -167.05 44.03 176.66 5187.9 540.7 589.8
135.455 L50A 42.043 -82.8095 -7.24 128.83 105.2 35.90 162.10 53.12 -164.99 45.68 176.04 5196.2 539.1 593.8
136.893 L53A 41.9539 -80.2598 -7.24 128.83 105.2 36.14 160.01 55.67 -162.41 47.42 175.34 5205.9 537.3 598.2
137.182 L54A 42.2345 -79.3162 -7.24 128.83 105.2 36.59 159.16 56.76 -162.45 48.25 174.60 5207.1 537.2 598.9
137.665 L55A 42.1831 -78.4368 -7.24 128.83 105.2 36.79 158.54 57.60 -161.78 48.86 174.28 5208.9 536.9 600.0
118.818 LAO 46.6885 -106.223 -7.24 128.83 105.2 35.33 170.64 37.00 173.29 36.17 171.95 5154.1 548.0 553.2
135.173 M49A 41.4745 -83.9752 -7.24 128.83 105.2 35.25 163.29 51.64 -164.79 44.55 177.02 5194.3 539.4 592.9
135.75 M50A 41.4035 -83.0428 -7.24 128.83 105.2 35.27 162.52 52.55 -163.65 45.15 176.89 5198.5 538.7 594.7
136.28 M51A 41.3321 -82.1831 -7.24 128.83 105.2 35.28 161.80 53.40 -162.56 45.71 176.75 5202.6 537.9 596.5
136.593 M52A 41.5405 -81.357 -7.24 128.83 105.2 35.56 161.02 54.36 -162.25 46.41 176.25 5204.8 537.5 597.4
137.523 M54A 41.5079 -79.6647 -7.24 128.83 105.2 35.98 159.84 55.98 -161.01 47.63 175.70 5208.4 537.0 599.7
122.407 MDND 47.8481 -99.6029 -7.24 128.83 105.2 37.40 168.08 41.73 174.79 39.62 171.33 5155.9 547.5 560.5
132.483 MIAR 34.5454 -93.5765 -7.24 128.83 105.2 27.58 172.92 37.55 -163.34 33.12 -175.88 5179.4 542.4 585.0
137.212 MNTQ 45.5003 -73.6228 -7.24 128.83 105.2 40.08 152.80 63.73 -168.95 53.36 166.63 5207.1 537.2 598.9
124.057 MNTX 31.6985 -105.382 -7.24 128.83 105.2 23.30 178.75 26.90 -172.33 25.17 -176.85 5157.6 547.1 564.2
125.574 MSTX 33.9696 -102.772 -7.24 128.83 105.2 25.72 177.08 30.46 -171.84 28.20 -177.50 5159.7 546.7 567.6
120.197 MVCO 37.2103 -108.499 -7.24 128.83 105.2 27.63 176.71 29.65 -179.10 28.66 178.79 5154.5 547.9 556.0
134.541 N47A 40.8801 -85.6942 -7.24 128.83 105.2 34.51 164.88 49.60 -165.17 43.02 178.02 5190.3 540.2 591.0
135.408 N49A 40.922 -84.1825 -7.24 128.83 105.2 34.72 163.66 51.11 -163.74 44.07 177.72 5195.9 539.1 593.6
136.105 N50A 40.7711 -83.1486 -7.24 128.83 105.2 34.66 162.83 52.08 -162.25 44.69 177.68 5201.3 538.2 595.9
136.907 N52A 40.8125 -81.6876 -7.24 128.83 105.2 34.94 161.67 53.56 -160.96 45.76 177.26 5206.0 537.3 598.2
137.737 N54A 40.9617 -79.9892 -7.24 128.83 105.2 35.50 160.39 55.31 -160.03 47.09 176.53 5209.2 536.8 600.2
138.664 N56A 40.9171 -78.2953 -7.24 128.83 105.2 35.87 159.08 57.00 -158.54 48.35 175.92 5214.0 536.1 602.7
119.594 O20A 40.1348 -108.242 -7.24 128.83 105.2 30.04 175.09 31.89 178.62 30.98 176.83 5154.3 547.9 554.8
135.782 O49A 40.188 -84.3353 -7.24 128.83 105.2 34.00 164.04 50.52 -162.24 43.49 178.61 5198.8 538.6 594.9
137.554 O53A 40.2493 -81.2129 -7.24 128.83 105.2 34.64 161.66 53.62 -159.44 45.77 177.83 5208.5 536.9 599.8
123.786 OGNE 40.9451 -102.033 -7.24 128.83 105.2 31.78 173.23 36.31 -178.13 34.12 177.43 5157.3 547.2 563.6
134.29 OLIL 38.7338 -88.0991 -7.24 128.83 105.2 32.23 167.56 45.85 -163.52 39.94 -179.41 5188.8 540.5 590.2
135.568 P48A 39.4605 -85.4258 -7.24 128.83 105.2 33.20 165.21 48.94 -161.93 42.24 179.61 5197.2 538.9 594.2
135.958 P49A 39.5342 -84.7164 -7.24 128.83 105.2 33.33 164.58 49.70 -161.24 42.78 179.43 5200.2 538.4 595.5
137.436 P52A 39.6337 -82.1325 -7.24 128.83 105.2 33.92 162.64 52.27 -158.95 44.70 178.83 5208.1 537.0 599.5
137.964 P53A 39.4868 -81.3896 -7.24 128.83 105.2 34.01 162.22 52.87 -158.05 45.15 178.83 5210.1 536.7 600.8
138.407 P54A 39.602 -80.4796 -7.24 128.83 105.2 34.32 161.48 53.86 -157.46 45.92 178.43 5212.4 536.3 602.0
117.882 PD31 42.7672 -109.558 -7.24 128.83 105.2 31.88 173.76 32.84 175.46 32.36 174.60 5153.9 548.0 551.4
122.226 Q24A 38.9641 -105.149 -7.24 128.83 105.2 29.62 175.14 32.92 -178.24 31.31 178.39 5155.8 547.6 560.2
135.694 Q48A 38.9295 -85.7311 -7.24 128.83 105.2 32.66 165.64 48.27 -161.19 41.65 -179.77 5198.2 538.7 594.6
136.171 Q49A 39.005 -84.8956 -7.24 128.83 105.2 32.80 164.91 49.15 -160.32 42.28 -179.94 5201.8 538.1 596.1
119.871 RWWY 41.6889 -107.21 -7.24 128.83 105.2 31.44 174.01 33.53 177.84 32.50 175.90 5154.4 547.9 555.3
121.331 S22A 37.7461 -106.829 -7.24 128.83 105.2 28.34 176.14 31.01 -178.34 29.70 178.86 5155.1 547.7 558.3
122.338 SDCO 37.7456 -105.501 -7.24 128.83 105.2 28.55 175.87 31.81 -177.37 30.22 179.19 5155.9 547.6 560.5
120.809 SMCO 39.1776 -106.974 -7.24 128.83 105.2 29.49 175.40 31.97 -179.70 30.75 177.82 5154.8 547.8 557.2
116.842 SNOW 43.4625 -110.755 -7.24 128.83 105.2 32.22 173.52 32.57 174.14 32.40 173.83 5153.6 548.1 549.3
127.779 SPMN 45.2246 -92.8037 -7.24 128.83 105.2 36.88 167.05 45.56 -178.25 41.45 173.91 5163.8 545.7 572.7
118.171 SRU 39.1108 -110.524 -7.24 128.83 105.2 28.86 175.98 29.90 178.00 29.39 176.99 5154.0 548.0 552.0
124.392 SUSD 44.4429 -98.9556 -7.24 128.83 105.2 35.08 170.13 40.55 179.57 37.91 174.67 5158.0 547.1 564.9
123.349 T25A 37.1388 -104.411 -7.24 128.83 105.2 28.22 175.94 32.02 -176.01 30.18 179.89 5156.9 547.3 562.6
136.883 T49A 37.105 -85.5334 -7.24 128.83 105.2 30.96 166.21 46.99 -157.51 40.39 -177.78 5206.0 537.3 598.2
137.385 T50A 37.0204 -84.8384 -7.24 128.83 105.2 31.07 165.84 47.54 -156.72 40.82 -177.74 5207.9 537.0 599.4
119.442 TUC 32.3098 -110.785 -7.24 128.83 105.2 23.14 179.34 24.57 -177.28 23.87 -178.98 5154.3 547.9 554.5
126.045 TX31 29.3342 -103.668 -7.24 128.83 105.2 21.33 179.33 25.68 -169.01 23.62 -174.94 5160.5 546.5 568.7
126.046 TX32 29.3338 -103.667 -7.24 128.83 105.2 21.33 179.33 25.68 -169.01 23.62 -174.94 5160.5 546.5 568.7
117.417 U15A 36.428 -112.291 -7.24 128.83 105.2 26.43 177.57 27.03 178.81 26.73 178.19 5153.8 548.1 550.5
127.693 U32A 36.3795 -99.0014 -7.24 128.83 105.2 28.46 174.67 35.02 -170.85 31.94 -178.35 5163.7 545.7 572.6
137.732 U50A 36.4156 -84.8431 -7.24 128.83 105.2 30.56 166.17 46.96 -155.76 40.32 -177.08 5209.3 536.8 600.3
133.302 UALR 34.7751 -92.3429 -7.24 128.83 105.2 27.95 172.07 38.77 -162.21 34.03 -175.89 5183.4 541.6 587.4
123.276 ULM 50.2503 -95.875 -7.24 128.83 105.2 39.73 165.02 45.11 172.69 42.48 168.69 5156.8 547.3 562.4
116.397 W13A 35.099 -113.885 -7.24 128.83 105.2 25.14 178.37 25.22 178.54 25.18 178.45 5153.5 548.1 548.5
119.727 W18A 35.1181 -109.736 -7.24 128.83 105.2 25.69 177.92 27.37 -178.39 26.54 179.75 5154.3 547.9 555.1
132.053 W39A 35.196 -93.784 -7.24 128.83 105.2 28.18 172.78 37.96 -164.41 33.59 -176.46 5177.3 542.8 583.8
130.436 WHTX 31.9913 -97.4561 -7.24 128.83 105.2 24.63 176.01 32.19 -164.80 28.75 -174.74 5171.4 544.0 579.5
128.452 WMOK 34.7379 -98.7807 -7.24 128.83 105.2 27.02 175.38 33.78 -168.94 30.64 -177.05 5165.4 545.3 574.4
118.333 WUAZ 35.5169 -111.374 -7.24 128.83 105.2 25.80 177.92 26.82 -179.88 26.31 179.01 5154.0 548.0 552.3
137.416 WVNY 42.4062 -78.6042 -7.24 128.83 105.2 36.89 158.53 57.56 -162.42 48.85 174.06 5208.0 537.0 599.4
118.501 X16A 34.4178 -111.441 -7.24 128.83 105.2 24.86 178.45 25.94 -179.17 25.41 179.63 5154.0 548.0 552.6
119.683 X18A 34.5293 -109.95 -7.24 128.83 105.2 25.16 178.23 26.79 -178.13 25.99 -179.96 5154.3 547.9 555.0
116.101 Y12C 33.7503 -114.524 -7.24 128.83 105.2
117.316 Y14A 33.9383 -113.005 -7.24 128.83 105.2 24.27 178.82 24.78 179.95 24.52 179.38 5153.8 548.1 550.3
122.226 Y22A 33.937 -106.965 -7.24 128.83 105.2 25.07 178.06 27.94 -175.35 26.54 -178.69 5155.8 547.6 560.2
139.697 Y52A 33.864 -84.0626 -7.24 128.83 105.2 28.30 166.75 45.12 -150.64 38.65 -174.41 5221.6 534.9 605.8
142.314 Z57A 33.297 -80.7039 -7.24 128.83 105.2 28.19 164.09 47.68 -144.67 40.79 -173.96 5245.1 531.5 613.9
