116.882 113A 32.7683 -113.767 -7.24 128.83 105.2 22.65 178.17 24.02 -178.66 23.34 179.75 5154.4 545.7 551.8
121.882 121A 32.5324 -107.785 -7.24 128.83 105.2 23.17 177.62 26.80 -173.71 25.05 -178.11 5156.7 545.3 561.8
117.809 214A 31.9559 -112.812 -7.24 128.83 105.2 22.07 178.44 23.81 -177.42 22.95 -179.50 5154.6 545.6 553.6
129.927 833A 28.3236 -99.3939 -7.24 128.83 105.2 20.56 177.68 27.39 -163.05 24.28 -172.94 5168.5 543.2 579.1
128.479 ABTX 32.6238 -99.6431 -7.24 128.83 105.2 24.54 175.84 31.58 -166.77 28.33 -175.75 5165.6 543.7 575.9
136.552 ACSO 40.2319 -82.982 -7.24 128.83 105.2 35.08 163.98 51.46 -162.75 44.47 178.30 5188.6 540.0 594.7
124.344 AGMN 48.2977 -95.8619 -7.24 128.83 105.2 37.63 165.34 45.21 176.93 41.57 170.80 5159.1 544.8 566.8
122.379 ANMO 34.9459 -106.457 -7.24 128.83 105.2 25.43 176.28 29.57 -174.44 27.58 -179.17 5157.1 545.2 562.8
126.275 BGNE 41.4083 -98.1502 -7.24 128.83 105.2 32.24 170.65 39.85 -174.85 36.26 177.55 5161.8 544.3 571.0
138.844 BINY 42.1993 -75.9861 -7.24 128.83 105.2 38.45 157.53 59.65 -162.65 50.71 172.97 5198.9 538.4 600.5
128.221 C40A 47.9154 -89.1514 -7.24 128.83 105.2 38.88 162.68 49.99 179.79 44.75 170.42 5165.0 543.8 575.2
141.115 CBN 38.2046 -77.3732 -7.24 128.83 105.2 34.08 159.84 55.89 -151.57 47.53 179.17 5225.5 534.3 608.7
129.358 COWI 46.1003 -89.1369 -7.24 128.83 105.2 37.71 163.91 49.32 -176.99 43.91 172.53 5167.1 543.4 577.7
129.068 D41A 47.0605 -88.5657 -7.24 128.83 105.2 38.48 162.97 50.15 -178.49 44.68 171.31 5166.6 543.5 577.1
133.273 D50A 47.1668 -79.8412 -7.24 128.83 105.2 40.65 157.59 57.51 -176.54 49.79 168.28 5177.1 541.8 586.7
134.047 D52A 46.9764 -78.4117 -7.24 128.83 105.2 40.89 156.68 58.76 -175.91 50.61 167.79 5179.5 541.4 588.6
134.271 D53A 47.0795 -77.7001 -7.24 128.83 105.2 41.12 156.09 59.42 -176.12 51.07 167.24 5180.2 541.3 589.1
135.489 D56A 47.0485 -74.7568 -7.24 128.83 105.2 41.80 153.77 62.13 -176.03 52.89 165.33 5184.4 540.6 592.0
136.599 D59A 47.0073 -71.8358 -7.24 128.83 105.2 42.45 151.28 64.90 -176.37 54.69 162.98 5188.6 539.9 594.7
119.378 DGMT 48.4702 -104.196 -7.24 128.83 105.2 36.11 167.78 39.85 173.42 38.01 170.53 5155.1 545.5 556.6
116.195 DUG 40.195 -112.813 -7.24 128.83 105.2 28.74 174.45 30.04 176.88 29.39 175.66 5154.2 545.7 550.5
127.714 E38A 46.6058 -91.5542 -7.24 128.83 105.2 37.48 164.73 47.65 -178.80 42.86 172.29 5164.0 544.0 574.1
130.337 E43A 46.3758 -86.9954 -7.24 128.83 105.2 38.41 162.60 51.16 -176.69 45.25 171.79 5169.3 543.1 579.9
130.736 E44A 46.6199 -85.9214 -7.24 128.83 105.2 38.83 161.84 52.13 -176.80 45.98 171.24 5170.2 542.9 580.8
131.729 E46A 46.3665 -84.3062 -7.24 128.83 105.2 39.07 161.05 53.40 -175.79 46.81 171.09 5172.7 542.5 583.1
132.18 E47A 46.4547 -83.2777 -7.24 128.83 105.2 39.38 160.35 54.31 -175.68 47.46 170.64 5173.9 542.3 584.2
132.702 E48A 46.4809 -82.1653 -7.24 128.83 105.2 39.67 159.62 55.29 -175.43 48.15 170.20 5175.4 542.0 585.4
133.42 E50A 46.4232 -80.7378 -7.24 128.83 105.2 39.98 158.69 56.55 -174.95 49.00 169.68 5177.6 541.7 587.1
133.909 E51A 46.5333 -79.4924 -7.24 128.83 105.2 40.36 157.74 57.69 -174.97 49.81 168.95 5179.1 541.5 588.2
134.472 E52A 46.2851 -78.6569 -7.24 128.83 105.2 40.43 157.29 58.40 -174.23 50.26 168.85 5180.8 541.2 589.6
134.836 E53A 46.3784 -77.6638 -7.24 128.83 105.2 40.73 156.48 59.34 -174.31 50.92 168.17 5182.1 541.0 590.4
134.997 E54A 46.4339 -77.1869 -7.24 128.83 105.2 40.87 156.08 59.79 -174.40 51.24 167.81 5182.7 540.9 590.8
135.454 E55A 46.4538 -76.0572 -7.24 128.83 105.2 41.16 155.18 60.86 -174.36 51.96 167.07 5184.3 540.6 591.9
136.251 E57A 46.4117 -74.1471 -7.24 128.83 105.2 41.60 153.63 62.67 -174.22 53.17 165.76 5187.2 540.2 593.9
126.215 ECSD 43.7337 -96.6141 -7.24 128.83 105.2 34.32 168.68 42.42 -176.92 38.59 175.47 5161.7 544.4 570.8
116.1 EGMT 48.024 -109.755 -7.24 128.83 105.2 34.88 169.23 36.37 171.49 35.63 170.35 5154.1 545.7 550.2
126.956 EYMN 47.9462 -91.4953 -7.24 128.83 105.2 38.36 163.78 48.22 179.01 43.54 170.77 5162.8 544.2 572.4
130.118 F42A 45.7587 -88.1347 -7.24 128.83 105.2 37.73 163.62 49.98 -175.98 44.31 172.76 5168.8 543.1 579.4
133.277 F49A 45.7627 -82.0423 -7.24 128.83 105.2 39.24 159.99 55.19 -173.80 47.95 171.08 5177.2 541.8 586.7
134.17 F51A 45.9284 -79.915 -7.24 128.83 105.2 39.89 158.42 57.16 -173.61 49.35 169.96 5179.9 541.3 588.9
134.544 F52A 45.7951 -79.3227 -7.24 128.83 105.2 39.96 158.08 57.66 -173.16 49.68 169.85 5181.0 541.1 589.7
136.53 F57A 45.8122 -74.6928 -7.24 128.83 105.2 41.12 154.42 62.08 -172.46 52.71 167.01 5188.4 540.0 594.6
117.753 FFC 54.725 -101.978 -7.24 128.83 105.2 40.29 162.49 43.31 166.18 41.82 164.29 5154.6 545.6 553.4
128.697 G39A 45.2867 -91.1698 -7.24 128.83 105.2 36.67 165.43 47.35 -176.47 42.37 173.71 5165.9 543.6 576.3
129.263 G40A 45.2684 -90.2006 -7.24 128.83 105.2 36.90 164.99 48.10 -176.01 42.89 173.63 5167.0 543.5 577.5
131.919 G45A 45.0404 -85.6571 -7.24 128.83 105.2 37.86 162.71 51.74 -173.63 45.41 173.09 5173.2 542.4 583.6
132.777 G47A 45.173 -83.8551 -7.24 128.83 105.2 38.40 161.54 53.36 -173.17 46.57 172.44 5175.6 542.0 585.6
135.375 G53A 45.1222 -78.6237 -7.24 128.83 105.2 39.71 157.97 58.13 -171.31 49.91 170.40 5184.0 540.7 591.8
135.408 G54A 45.3979 -78.0898 -7.24 128.83 105.2 40.02 157.40 58.72 -171.87 50.36 169.75 5184.2 540.6 591.8
136.128 G55A 45.2532 -76.7187 -7.24 128.83 105.2 40.28 156.41 60.00 -171.19 51.23 169.15 5186.8 540.2 593.6
132.615 GLMI 44.8245 -84.6175 -7.24 128.83 105.2 37.98 162.23 52.55 -172.77 45.94 173.09 5175.2 542.1 585.2
132.983 H47A 44.5994 -84.2062 -7.24 128.83 105.2 37.93 162.12 52.81 -172.14 46.09 173.26 5176.3 541.9 586.1
135.809 H53A 44.5736 -78.5832 -7.24 128.83 105.2 39.37 158.27 57.99 -169.94 49.75 171.12 5185.6 540.4 592.8
130.821 I42A 43.8908 -88.9134 -7.24 128.83 105.2 36.25 165.24 48.44 -173.06 42.86 175.02 5170.4 542.9 581.0
134.159 I49A 43.94 -82.8246 -7.24 128.83 105.2 37.84 161.65 53.76 -170.17 46.65 173.67 5179.9 541.3 588.9
135.184 I51A 43.8036 -81.0231 -7.24 128.83 105.2 38.22 160.51 55.37 -169.07 47.79 173.22 5183.4 540.8 591.3
135.884 I53A 43.8238 -79.5912 -7.24 128.83 105.2 38.62 159.47 56.74 -168.50 48.77 172.61 5185.9 540.4 593.0
116.591 IMW 43.897 -110.939 -7.24 128.83 105.2 31.79 172.07 33.44 174.88 32.62 173.47 5154.3 545.7 551.2
121.62 ISCO 39.7997 -105.613 -7.24 128.83 105.2 29.54 173.57 33.84 -178.04 31.76 177.67 5156.5 545.3 561.2
133.552 J47A 43.2382 -84.8214 -7.24 128.83 105.2 36.82 163.35 51.61 -169.73 45.00 175.08 5178.0 541.6 587.4
134.081 J48A 43.2986 -83.7849 -7.24 128.83 105.2 37.14 162.67 52.57 -169.32 45.70 174.75 5179.7 541.4 588.7
134.388 J49A 43.36 -83.1389 -7.24 128.83 105.2 37.36 162.22 53.19 -169.12 46.16 174.49 5180.6 541.2 589.4
137.16 J55A 43.2657 -77.8167 -7.24 128.83 105.2 38.71 158.44 58.25 -166.36 49.78 172.51 5191.0 539.6 596.2
128.994 JCT 30.4794 -99.8022 -7.24 128.83 105.2 22.54 176.87 29.38 -165.11 26.24 -174.38 5166.5 543.5 577.0
130.598 JFWS 42.9142 -90.2481 -7.24 128.83 105.2 35.21 166.53 46.80 -172.16 41.49 176.23 5169.9 543.0 580.6
133.82 K47A 42.6704 -84.9993 -7.24 128.83 105.2 36.37 163.81 51.14 -168.74 44.57 175.80 5178.9 541.5 588.1
134.225 K48A 42.8032 -84.1197 -7.24 128.83 105.2 36.70 163.18 52.00 -168.51 45.22 175.44 5180.1 541.3 589.0
136.07 K52A 42.7805 -80.7139 -7.24 128.83 105.2 37.60 160.91 55.17 -166.63 47.52 174.44 5186.6 540.3 593.5
130.383 KAPO 49.4504 -82.5079 -7.24 128.83 105.2 41.32 157.89 55.58 178.00 48.88 166.51 5169.4 543.0 580.0
124.064 KSCO 39.0112 -102.627 -7.24 128.83 105.2 29.45 173.34 35.12 -175.22 32.41 178.88 5158.8 544.9 566.3
130.472 L40A 42.0628 -91.2218 -7.24 128.83 105.2 34.33 167.52 45.49 -171.39 40.39 177.19 5169.7 543.0 580.3
133.488 L46A 42.0127 -86.2955 -7.24 128.83 105.2 35.54 164.98 49.60 -168.28 43.35 176.81 5177.9 541.6 587.3
134.147 L47A 41.9756 -85.2021 -7.24 128.83 105.2 35.81 164.36 50.55 -167.55 44.03 176.66 5179.9 541.3 588.8
135.455 L50A 42.043 -82.8095 -7.24 128.83 105.2 36.50 162.80 52.78 -166.23 45.68 176.04 5184.4 540.6 592.0
136.893 L53A 41.9539 -80.2598 -7.24 128.83 105.2 37.12 161.06 55.18 -164.52 47.42 175.34 5190.0 539.7 595.5
137.182 L54A 42.2345 -79.3162 -7.24 128.83 105.2 37.58 160.20 56.26 -164.61 48.25 174.60 5191.2 539.6 596.3
137.665 L55A 42.1831 -78.4368 -7.24 128.83 105.2 37.79 159.55 57.12 -164.00 48.86 174.28 5193.2 539.2 597.5
118.818 LAO 46.6885 -106.223 -7.24 128.83 105.2 34.54 169.46 37.75 174.56 36.17 171.95 5154.9 545.6 555.6
135.173 M49A 41.4745 -83.9752 -7.24 128.83 105.2 35.76 163.90 51.35 -165.83 44.55 177.02 5183.4 540.8 591.3
135.75 M50A 41.4035 -83.0428 -7.24 128.83 105.2 35.96 163.33 52.18 -165.09 45.15 176.89 5185.5 540.4 592.7
136.28 M51A 41.3321 -82.1831 -7.24 128.83 105.2 36.14 162.80 52.95 -164.39 45.71 176.75 5187.5 540.1 594.0
136.593 M52A 41.5405 -81.357 -7.24 128.83 105.2 36.52 162.10 53.87 -164.29 46.41 176.25 5188.7 539.9 594.8
137.523 M54A 41.5079 -79.6647 -7.24 128.83 105.2 36.96 160.88 55.51 -163.15 47.63 175.70 5192.6 539.3 597.1
122.407 MDND 47.8481 -99.6029 -7.24 128.83 105.2 36.57 166.95 42.48 176.11 39.62 171.33 5157.1 545.2 562.8
132.483 MIAR 34.5454 -93.5765 -7.24 128.83 105.2 27.51 172.81 37.59 -163.20 33.12 -175.88 5174.9 542.1 585.0
137.212 MNTQ 45.5003 -73.6228 -7.24 128.83 105.2 41.19 153.68 63.10 -171.47 53.36 166.63 5191.2 539.6 596.3
124.057 MNTX 31.6985 -105.382 -7.24 128.83 105.2 22.78 177.60 27.34 -171.09 25.17 -176.85 5158.8 544.9 566.3
125.574 MSTX 33.9696 -102.772 -7.24 128.83 105.2 25.18 176.00 30.89 -170.65 28.20 -177.50 5160.8 544.5 569.5
120.197 MVCO 37.2103 -108.499 -7.24 128.83 105.2 27.00 175.49 30.23 -177.80 28.66 178.79 5155.4 545.5 558.3
134.541 N47A 40.8801 -85.6942 -7.24 128.83 105.2 34.85 165.32 49.40 -165.88 43.02 178.02 5181.1 541.1 589.8
135.408 N49A 40.922 -84.1825 -7.24 128.83 105.2 35.28 164.36 50.81 -164.91 44.07 177.72 5184.2 540.6 591.9
136.105 N50A 40.7711 -83.1486 -7.24 128.83 105.2 35.45 163.78 51.67 -163.92 44.69 177.68 5186.8 540.2 593.6
136.907 N52A 40.8125 -81.6876 -7.24 128.83 105.2 35.88 162.75 53.09 -162.98 45.76 177.26 5190.1 539.7 595.6
137.737 N54A 40.9617 -79.9892 -7.24 128.83 105.2 36.47 161.44 54.86 -162.13 47.09 176.53 5193.6 539.2 597.7
138.664 N56A 40.9171 -78.2953 -7.24 128.83 105.2 36.89 160.14 56.55 -160.84 48.35 175.92 5198.1 538.5 600.0
119.594 O20A 40.1348 -108.242 -7.24 128.83 105.2 29.37 173.87 32.52 179.90 30.98 176.84 5155.1 545.5 557.1
135.782 O49A 40.188 -84.3353 -7.24 128.83 105.2 34.67 164.88 50.16 -163.65 43.49 178.61 5185.6 540.4 592.8
137.554 O53A 40.2493 -81.2129 -7.24 128.83 105.2 35.58 162.75 53.18 -161.48 45.76 177.83 5192.7 539.3 597.2
123.786 OGNE 40.9451 -102.033 -7.24 128.83 105.2 31.09 172.08 36.90 -176.83 34.12 177.44 5158.5 544.9 565.7
134.29 OLIL 38.7338 -88.0991 -7.24 128.83 105.2 32.49 167.93 45.70 -164.07 39.94 -179.41 5180.4 541.2 589.2
135.568 P48A 39.4605 -85.4258 -7.24 128.83 105.2 33.79 165.98 48.63 -163.17 42.24 179.61 5184.8 540.5 592.3
135.958 P49A 39.5342 -84.7164 -7.24 128.83 105.2 34.05 165.51 49.33 -162.76 42.78 179.43 5186.3 540.3 593.3
137.436 P52A 39.6337 -82.1325 -7.24 128.83 105.2 34.84 163.74 51.84 -160.94 44.70 178.83 5192.3 539.4 596.9
137.964 P53A 39.4868 -81.3896 -7.24 128.83 105.2 34.93 163.30 52.46 -160.04 45.15 178.83 5194.7 539.0 598.3
138.407 P54A 39.602 -80.4796 -7.24 128.83 105.2 35.27 162.56 53.45 -159.54 45.91 178.43 5196.9 538.7 599.4
117.882 PD31 42.7672 -109.558 -7.24 128.83 105.2 31.16 172.54 33.53 176.72 32.36 174.60 5154.6 545.6 553.7
122.226 Q24A 38.9641 -105.149 -7.24 128.83 105.2 28.96 173.94 33.51 -176.94 31.31 178.39 5156.9 545.2 562.5
135.694 Q48A 38.9295 -85.7311 -7.24 128.83 105.2 33.28 166.47 47.94 -162.50 41.65 -179.77 5185.3 540.5 592.6
136.171 Q49A 39.005 -84.8956 -7.24 128.83 105.2 33.57 165.92 48.76 -161.96 42.28 -179.94 5187.1 540.2 593.8
119.871 RWWY 41.6889 -107.21 -7.24 128.83 105.2 30.74 172.81 34.18 179.12 32.50 175.90 5155.2 545.5 557.6
121.331 S22A 37.7461 -106.829 -7.24 128.83 105.2 27.69 174.92 31.59 -177.03 29.70 178.87 5156.3 545.3 560.6
122.338 SDCO 37.7456 -105.501 -7.24 128.83 105.2 27.91 174.67 32.38 -176.08 30.23 179.19 5157.0 545.2 562.7
120.809 SMCO 39.1776 -106.974 -7.24 128.83 105.2 28.82 174.18 32.58 -178.39 30.75 177.82 5155.9 545.4 559.6
116.842 SNOW 43.4625 -110.755 -7.24 128.83 105.2 31.50 172.31 33.28 175.39 32.40 173.83 5154.4 545.7 551.7
127.779 SPMN 45.2246 -92.8037 -7.24 128.83 105.2 36.25 166.21 46.06 -177.13 41.45 173.91 5164.1 543.9 574.2
118.171 SRU 39.1108 -110.524 -7.24 128.83 105.2 28.21 174.76 30.52 179.27 29.39 176.99 5154.7 545.6 554.3
124.392 SUSD 44.4429 -98.9556 -7.24 128.83 105.2 34.34 169.03 41.19 -179.13 37.91 174.67 5159.2 544.8 566.9
123.349 T25A 37.1388 -104.411 -7.24 128.83 105.2 27.60 174.76 32.56 -174.72 30.18 179.89 5158.1 545.0 564.8
136.883 T49A 37.105 -85.5334 -7.24 128.83 105.2 31.80 167.37 46.60 -159.31 40.39 -177.79 5190.0 539.7 595.6
137.385 T50A 37.0204 -84.8384 -7.24 128.83 105.2 31.91 166.99 47.16 -158.54 40.82 -177.74 5192.1 539.4 596.8
119.442 TUC 32.3098 -110.785 -7.24 128.83 105.2 22.60 178.11 25.07 -176.02 23.87 -178.98 5155.1 545.5 556.8
126.045 TX31 29.3342 -103.668 -7.24 128.83 105.2 20.88 178.28 26.04 -167.87 23.62 -174.94 5161.5 544.4 570.6
126.046 TX32 29.3338 -103.667 -7.24 128.83 105.2 20.88 178.28 26.04 -167.87 23.62 -174.93 5161.5 544.4 570.6
117.417 U15A 36.428 -112.291 -7.24 128.83 105.2 25.83 176.34 27.61 -179.94 26.73 178.19 5154.5 545.6 552.9
127.693 U32A 36.3795 -99.0014 -7.24 128.83 105.2 27.97 173.77 35.39 -169.81 31.94 -178.35 5164.0 544.0 574.1
137.732 U50A 36.4156 -84.8431 -7.24 128.83 105.2 31.38 167.32 46.60 -157.56 40.32 -177.08 5193.7 539.2 597.7
133.302 UALR 34.7751 -92.3429 -7.24 128.83 105.2 28.00 172.16 38.74 -162.32 34.03 -175.89 5177.4 541.7 586.9
123.276 ULM 50.2503 -95.875 -7.24 128.83 105.2 38.85 163.95 45.89 174.00 42.48 168.69 5158.0 545.0 564.6
116.397 W13A 35.099 -113.885 -7.24 128.83 105.2 24.56 177.13 25.79 179.79 25.18 178.45 5154.2 545.7 550.9
119.727 W18A 35.1181 -109.736 -7.24 128.83 105.2 25.10 176.70 27.92 -177.12 26.54 179.75 5155.2 545.5 557.4
132.053 W39A 35.196 -93.784 -7.24 128.83 105.2 28.05 172.56 38.04 -164.13 33.59 -176.46 5173.7 542.3 584.0
130.436 WHTX 31.9913 -97.4561 -7.24 128.83 105.2 24.37 175.48 32.37 -164.19 28.75 -174.74 5169.7 543.0 580.3
128.452 WMOK 34.7379 -98.7807 -7.24 128.83 105.2 26.59 174.55 34.10 -167.98 30.64 -177.05 5165.5 543.7 575.8
118.333 WUAZ 35.5169 -111.374 -7.24 128.83 105.2 25.21 176.69 27.38 -178.62 26.31 179.01 5154.8 545.6 554.7
137.416 WVNY 42.4062 -78.6042 -7.24 128.83 105.2 37.90 159.55 57.06 -164.63 48.84 174.06 5192.1 539.4 596.8
118.501 X16A 34.4178 -111.441 -7.24 128.83 105.2 24.29 177.22 26.48 -177.91 25.41 179.63 5154.8 545.6 555.0
119.683 X18A 34.5293 -109.95 -7.24 128.83 105.2 24.58 177.01 27.33 -176.86 25.99 -179.96 5155.2 545.5 557.3
116.101 Y12C 33.7503 -114.524 -7.24 128.83 105.2 23.39 177.80 24.44 -179.85 23.92 178.97 5154.1 545.7 550.3
117.316 Y14A 33.9383 -113.005 -7.24 128.83 105.2 23.70 177.59 25.32 -178.79 24.52 179.39 5154.5 545.6 552.7
122.226 Y22A 33.937 -106.965 -7.24 128.83 105.2 24.50 176.85 28.44 -174.07 26.54 -178.69 5156.9 545.2 562.5
139.697 Y52A 33.864 -84.0626 -7.24 128.83 105.2 29.26 168.15 44.78 -152.79 38.65 -174.41 5203.3 537.8 602.8
142.314 Z57A 33.297 -80.7039 -7.24 128.83 105.2 28.49 164.49 47.62 -145.36 40.79 -173.97 5239.1 532.4 612.9
