127.265 BMO 44.8525 -117.306 -60.09 -27.75 148.6 -17.10 -78.83 -4.07 -85.61 -10.60 -82.29 5163.8 539.5 567.6
128.159 CIHL 43.751 -121.149 -60.09 -27.75 148.6 -18.68 -81.49 -4.65 -89.13 -11.69 -85.41 5165.6 539.2 569.6
128.176 CPCO 43.722 -121.233 -60.09 -27.75 148.6 -18.72 -81.55 -4.67 -89.21 -11.72 -85.48 5165.7 539.2 569.7
129.311 DDRF 46.4911 -119.06 -60.09 -27.75 148.6 -17.47 -78.50 -1.75 -86.62 -9.64 -82.66 5168.4 538.6 572.4
128.21 J04D 43.2405 -122.109 -60.09 -27.75 148.6 -19.14 -82.33 -5.08 -90.09 -12.14 -86.31 5165.7 539.1 569.8
127.839 J05D 43.2848 -121.235 -60.09 -27.75 148.6 -18.79 -81.87 -5.20 -89.32 -12.02 -85.69 5164.9 539.3 568.9
128.178 JTMT 47.7467 -114.283 -60.09 -27.75 148.6 -15.62 -75.36 -1.24 -82.36 -8.45 -78.93 5165.7 539.1 569.7
128.517 K02D 42.6955 -123.665 -60.09 -27.75 148.6 -19.84 -83.49 -5.44 -91.60 -12.67 -87.66 5166.5 539.0 570.5
129.064 KENT 45.2357 -120.635 -60.09 -27.75 148.6 -18.25 -80.16 -2.95 -88.31 -10.63 -84.34 5167.8 538.7 571.8
127.51 L04D 42.218 -122.305 -60.09 -27.75 148.6 -19.39 -83.15 -6.27 -90.50 -12.85 -86.92 5164.2 539.4 568.1
130.609 LTY 47.2545 -120.666 -60.09 -27.75 148.6 -17.99 -78.64 -0.42 -87.76 -9.24 -83.31 5172.3 537.9 575.6
130.844 OMAK 48.3584 -119.333 -60.09 -27.75 148.6 -17.35 -77.18 0.65 -86.29 -8.37 -81.84 5173.0 537.7 576.2
128.095 PINE 43.7921 -120.941 -60.09 -27.75 148.6 -18.60 -81.36 -4.64 -88.94 -11.64 -85.25 5165.5 539.2 569.5
128.042 TMBU 43.6019 -121.145 -60.09 -27.75 148.6 -18.70 -81.59 -4.83 -89.17 -11.79 -85.48 5165.4 539.2 569.4
127.247 TREE 42.7258 -120.893 -60.09 -27.75 148.6 -18.77 -82.08 -5.91 -89.16 -12.36 -85.71 5163.8 539.5 567.5
128.346 UMAT 45.2904 -118.96 -60.09 -27.75 148.6 -17.62 -79.32 -3.23 -86.88 -10.44 -83.19 5166.1 539.1 570.1
