121.599 AGMN 48.2977 -95.8619 -60.01 -26.76 124.4 -10.53 -65.50 -3.74 -68.22 -7.13 -66.87 5156.1 544.1 558.2
127.674 BMO 44.8525 -117.306 -60.01 -26.76 124.4 -17.33 -78.29 -3.86 -85.36 -10.62 -81.90 5164.5 542.4 571.5
125.744 BOZ 45.597 -111.63 -60.01 -26.76 124.4 -15.28 -75.00 -4.06 -80.55 -9.68 -77.82 5161.0 543.1 567.1
122.589 BW06 42.7667 -109.558 -60.01 -26.76 124.4 -15.12 -75.70 -7.55 -79.51 -11.34 -77.63 5157.0 544.0 560.2
123.753 CMB 38.0345 -120.387 -60.01 -26.76 124.4 -19.76 -84.36 -11.19 -89.40 -15.49 -86.93 5158.2 543.7 562.6
121.378 CWC 36.4399 -118.08 -60.01 -26.76 124.4 -19.28 -84.01 -13.22 -87.58 -16.26 -85.82 5155.9 544.2 557.6
120.075 EDW2 34.8811 -117.994 -60.01 -26.76 124.4 -19.63 -84.82 -14.86 -87.68 -17.25 -86.27 5155.2 544.4 554.9
126.851 EGMT 48.024 -109.755 -60.01 -26.76 124.4 -14.33 -72.48 -1.61 -78.46 -7.98 -75.51 5163.0 542.7 569.6
118.686 F36B 45.8618 -93.5241 -60.01 -26.76 124.4 -10.37 -65.53 -6.58 -67.05 -8.47 -66.29 5154.7 544.4 552.3
120.938 ISA 35.6628 -118.474 -60.01 -26.76 124.4 -19.59 -84.68 -14.01 -88.01 -16.81 -86.37 5155.5 544.3 556.7
124.327 LAO 46.6885 -106.223 -60.01 -26.76 124.4 -13.46 -71.63 -3.79 -76.10 -8.63 -73.89 5158.9 543.6 564.0
120.412 LRL 35.4795 -117.682 -60.01 -26.76 124.4 -19.37 -84.32 -14.28 -87.34 -16.83 -85.85 5155.3 544.3 555.6
127.39 M04C 41.7826 -121.839 -60.01 -26.76 124.4 -19.57 -82.68 -6.66 -90.00 -13.14 -86.43 5164.0 542.5 570.8
136.613 MANA 56.8554 -117.637 -60.01 -26.76 124.4 -16.37 -68.43 11.78 -80.99 -2.31 -74.78 5198.7 536.1 594.6
120.789 MPM 36.058 -117.489 -60.01 -26.76 124.4 -19.15 -83.89 -13.70 -87.10 -16.43 -85.52 5155.4 544.3 556.3
127.709 MSO 46.8292 -113.941 -60.01 -26.76 124.4 -15.85 -75.29 -2.19 -82.08 -9.03 -78.75 5164.6 542.4 571.6
127.171 N02D 40.974 -122.705 -60.01 -26.76 124.4 -20.06 -83.68 -7.47 -90.94 -13.79 -87.41 5163.5 542.6 570.3
126.212 O03E 40.2946 -121.802 -60.01 -26.76 124.4 -19.84 -83.68 -8.42 -90.27 -14.15 -87.05 5161.7 543.0 568.1
119.875 O20A 40.1348 -108.242 -60.01 -26.76 124.4 -15.26 -76.45 -10.51 -78.90 -12.89 -77.69 5155.1 544.4 554.6
131.246 OMAK 48.3584 -119.333 -60.01 -26.76 124.4 -17.60 -76.58 0.90 -86.04 -8.38 -81.43 5174.1 540.5 580.1
128.521 PINE 43.7921 -120.941 -60.01 -26.76 124.4 -18.87 -80.81 -4.42 -88.74 -11.67 -84.88 5166.4 542.0 573.4
121.746 R11A 38.3489 -115.585 -60.01 -26.76 124.4 -17.98 -81.52 -11.47 -85.18 -14.73 -83.38 5156.2 544.1 558.4
118.508 RDM 33.63 -116.848 -60.01 -26.76 124.4 -19.55 -84.80 -16.25 -86.80 -17.90 -85.81 5154.6 544.5 551.8
120.052 SRU 39.1108 -110.524 -60.01 -26.76 124.4 -16.17 -78.27 -11.29 -80.88 -13.73 -79.59 5155.2 544.4 554.9
123.229 ULM 50.2503 -95.875 -60.01 -26.76 124.4 -10.29 -64.42 -1.64 -67.78 -5.97 -66.11 5157.6 543.8 561.6
118.312 W13A 35.099 -113.885 -60.01 -26.76 124.4 -18.19 -82.30 -15.03 -84.13 -16.61 -83.22 5154.6 544.5 551.4
126.786 WDC 40.5799 -122.541 -60.01 -26.76 124.4 -20.07 -83.87 -7.96 -90.87 -14.04 -87.46 5162.8 542.8 569.4
126.403 WVOR 42.4339 -118.637 -60.01 -26.76 124.4 -18.24 -80.61 -6.45 -87.07 -12.37 -83.91 5162.1 542.9 568.5
116.615 X16A 34.4178 -111.441 -60.01 -26.76 124.4 -17.54 -81.22 -15.97 -82.12 -16.76 -81.67 5154.0 544.6 548.0
