137.844 128A 32.6213 -102.485 -9.5 39.22 32.8 23.12 -2.94 37.20 -37.27 31.30 -18.83 5204.1 546.8 608.6
136.165 332A 31.3829 -99.7423 -9.5 39.22 32.8 21.60 -5.17 33.62 -35.22 28.43 -19.35 5193.8 548.5 603.8
137.575 430A 30.7866 -101.236 -9.5 39.22 32.8 21.10 -4.51 34.09 -37.80 28.61 -20.14 5202.5 547.1 607.9
137.108 431A 30.6824 -100.608 -9.5 39.22 32.8 20.94 -4.94 33.48 -37.10 28.15 -20.08 5199.6 547.5 606.5
136.877 833A 28.3236 -99.3939 -9.5 39.22 32.8 18.37 -6.62 29.77 -37.85 24.88 -21.52 5198.2 547.8 605.9
128.171 A28A 48.9096 -100.267 -9.5 39.22 32.8 36.77 4.87 47.27 -10.18 42.27 -2.03 5164.7 553.9 583.3
127.604 A29A 48.9228 -99.2321 -9.5 39.22 32.8 36.59 4.41 46.50 -9.81 41.76 -2.15 5163.6 554.1 582.0
127.928 B29A 48.4649 -99.3535 -9.5 39.22 32.8 36.30 4.14 46.42 -10.61 41.60 -2.66 5164.3 554.0 582.7
127.368 B30A 48.4505 -98.3286 -9.5 39.22 32.8 36.10 3.68 45.65 -10.25 41.08 -2.78 5163.2 554.2 581.4
136.19 BOZ 45.597 -111.63 -9.5 39.22 32.8 36.35 9.82 56.12 -21.74 47.29 -3.02 5193.6 548.6 603.7
137.067 BW06 42.7667 -109.558 -9.5 39.22 32.8 33.70 6.81 52.79 -27.32 44.50 -7.47 5199.0 547.6 606.3
128.34 D30A 47.1082 -98.7576 -9.5 39.22 32.8 35.25 2.94 45.41 -12.58 40.59 -4.23 5165.1 553.9 583.7
137.351 DAVN 47.8006 -118.274 -9.5 39.22 32.8 38.94 16.36 63.12 -17.26 52.16 4.13 5200.6 547.4 607.0
130.507 DGMT 48.4702 -104.196 -9.5 39.22 32.8 37.17 6.62 50.27 -12.33 44.11 -1.81 5170.6 552.8 588.9
132.72 E22A 46.4386 -105.949 -9.5 39.22 32.8 36.05 6.36 51.08 -17.08 44.16 -3.86 5177.8 551.4 594.4
131.304 E25A 46.5009 -103.401 -9.5 39.22 32.8 35.63 4.91 48.91 -15.79 42.73 -4.33 5173.1 552.3 590.8
130.801 E26A 46.4712 -102.462 -9.5 39.22 32.8 35.44 4.37 48.11 -15.40 42.20 -4.52 5171.6 552.6 589.6
128.754 E30A 46.5021 -98.9098 -9.5 39.22 32.8 34.84 2.61 45.25 -13.64 40.33 -4.89 5166.1 553.7 584.7
128.748 ECSD 43.7337 -96.6141 -9.5 39.22 32.8 32.34 -0.19 41.96 -16.57 37.43 -7.86 5166.1 553.7 584.7
133.552 EGMT 48.024 -109.755 -9.5 39.22 32.8 37.83 9.81 54.96 -15.01 47.06 -0.61 5181.1 550.8 596.6
139.128 GNW 47.5641 -122.825 -9.5 39.22 32.8 39.31 20.42 67.82 -17.83 54.91 8.10 5212.8 545.4 612.2
128.894 H32A 44.5041 -97.4363 -9.5 39.22 32.8 33.08 0.65 43.05 -15.94 38.36 -7.08 5166.4 553.6 585.0
128.376 H33A 44.6812 -96.7434 -9.5 39.22 32.8 33.10 0.46 42.62 -15.28 38.12 -6.89 5165.2 553.8 583.8
139 HAWA 46.3925 -119.533 -9.5 39.22 32.8 38.04 16.89 64.44 -22.43 52.76 3.19 5211.9 545.6 611.9
131.801 J28A 43.4239 -101.236 -9.5 39.22 32.8 32.90 1.82 45.49 -20.00 39.70 -8.10 5174.7 552.0 592.1
130.314 J31A 43.2915 -98.7396 -9.5 39.22 32.8 32.36 0.49 43.35 -18.58 38.24 -8.32 5170.1 552.9 588.4
129.17 J33A 43.3185 -96.9667 -9.5 39.22 32.8 32.07 -0.30 41.97 -17.39 37.33 -8.28 5167.1 553.5 585.7
131.178 K30A 42.6742 -99.6131 -9.5 39.22 32.8 32.00 0.55 43.68 -20.12 38.29 -8.96 5172.8 552.4 590.6
130.928 L31A 42.176 -98.8387 -9.5 39.22 32.8 31.47 -0.13 42.71 -20.33 37.52 -9.47 5172.0 552.5 590.0
129.169 M35A 41.4665 -95.6945 -9.5 39.22 32.8 30.36 -1.96 39.75 -19.07 35.36 -10.02 5167.1 553.5 585.7
128.37 MGMO 37.154 -92.2687 -9.5 39.22 32.8 26.16 -5.69 33.85 -21.44 30.24 -13.25 5165.2 553.8 583.8
130.224 MIAR 34.5454 -93.5765 -9.5 39.22 32.8 23.98 -6.57 32.41 -25.26 28.51 -15.54 5169.9 552.9 588.3
131.069 O33A 40.0755 -97.5845 -9.5 39.22 32.8 29.50 -1.94 40.19 -22.37 35.27 -11.48 5172.5 552.4 590.3
129.228 O36A 40.1315 -94.9645 -9.5 39.22 32.8 29.13 -3.04 38.21 -20.23 33.97 -11.17 5167.2 553.4 585.8
137.269 OMAK 48.3584 -119.333 -9.5 39.22 32.8 39.48 17.54 64.12 -15.31 52.86 5.79 5200.1 547.5 606.8
135.199 P26A 39.5602 -103.346 -9.5 39.22 32.8 29.95 0.88 44.65 -28.12 38.19 -12.16 5188.8 549.4 601.1
130.774 P34A 39.5471 -96.8268 -9.5 39.22 32.8 28.92 -2.58 39.18 -22.46 34.45 -11.91 5171.6 552.6 589.6
130.215 P35A 39.5286 -96.0188 -9.5 39.22 32.8 28.78 -2.95 38.54 -21.81 34.02 -11.84 5169.8 552.9 588.2
129.605 P36A 39.6204 -95.206 -9.5 39.22 32.8 28.74 -3.24 38.00 -21.04 33.69 -11.66 5168.1 553.2 586.7
130.503 Q35A 38.8586 -96.0368 -9.5 39.22 32.8 28.20 -3.31 38.02 -22.68 33.49 -12.44 5170.7 552.7 588.9
131.597 R34A 38.3008 -97.247 -9.5 39.22 32.8 27.90 -3.08 38.49 -24.41 33.65 -13.09 5174.1 552.1 591.6
136.277 S26A 37.6216 -103.471 -9.5 39.22 32.8 28.20 -0.04 43.12 -31.34 36.68 -14.18 5194.2 548.4 604.1
130.632 S36A 37.724 -95.5923 -9.5 39.22 32.8 27.14 -4.12 36.74 -23.67 32.31 -13.38 5171.1 552.7 589.3
130.059 S37A 37.7597 -94.8279 -9.5 39.22 32.8 27.06 -4.42 36.19 -22.95 31.96 -13.23 5169.4 553.0 587.8
136.584 T26A 37.1747 -103.593 -9.5 39.22 32.8 27.78 -0.16 42.82 -32.19 36.37 -14.64 5196.2 548.1 604.9
136.032 T27A 37.0614 -102.721 -9.5 39.22 32.8 27.56 -0.78 41.94 -31.41 35.72 -14.72 5193.0 548.7 603.4
131.621 T35A 36.9161 -96.5121 -9.5 39.22 32.8 26.55 -4.15 36.72 -25.45 32.08 -14.21 5174.2 552.1 591.7
130.362 T37A 37.123 -94.9176 -9.5 39.22 32.8 26.50 -4.72 35.72 -23.77 31.46 -13.78 5170.3 552.8 588.6
137.331 TPAW 43.4901 -110.951 -9.5 39.22 32.8 34.52 8.24 54.58 -26.67 45.86 -6.08 5200.6 547.4 607.0
138.364 TUCA 46.5139 -118.146 -9.5 39.22 32.8 37.96 15.69 62.98 -21.65 51.87 2.21 5207.3 546.3 610.0
130.211 U38A 36.4394 -94.3857 -9.5 39.22 32.8 25.82 -5.29 34.72 -24.05 30.61 -14.24 5169.9 552.9 588.2
139.694 UMAT 45.2904 -118.96 -9.5 39.22 32.8 37.11 15.91 63.70 -26.26 52.17 1.11 5216.9 544.8 613.9
130.979 V37A 35.883 -95.141 -9.5 39.22 32.8 25.41 -5.27 34.77 -25.36 30.47 -14.83 5172.2 552.5 590.1
132.562 W35A 35.1527 -96.8745 -9.5 39.22 32.8 24.97 -4.90 35.36 -27.83 30.67 -15.75 5177.3 551.5 594.1
132.072 W36A 35.1393 -96.2264 -9.5 39.22 32.8 24.88 -5.20 34.87 -27.20 30.33 -15.64 5175.6 551.8 592.9
138.213 WOLL 47.0573 -118.921 -9.5 39.22 32.8 38.48 16.61 63.81 -19.89 52.46 3.61 5206.2 546.5 609.5
131.16 X38A 34.6692 -94.8288 -9.5 39.22 32.8 24.25 -6.01 33.41 -26.35 29.21 -15.73 5172.8 552.3 590.6
136.532 Z30A 33.2861 -101.128 -9.5 39.22 32.8 23.67 -3.52 36.81 -34.73 31.18 -18.05 5195.9 548.2 604.8
