128.351 BMO 44.8525 -117.306 -60.13 -25.38 34 -17.83 -77.73 -3.66 -85.24 -10.76 -81.58 5165.8 553.5 584.2
129.773 DBO 43.119 -123.244 -60.13 -25.38 34 -20.44 -81.90 -4.60 -90.89 -12.56 -86.53 5169.2 552.8 587.5
129.633 FFC 54.725 -101.978 -60.13 -25.38 34 -11.80 -63.67 4.91 -70.29 -3.45 -67.01 5169.0 552.9 587.3
130.536 HAWA 46.3925 -119.533 -60.13 -25.38 34 -18.46 -77.63 -1.28 -86.72 -9.90 -82.29 5171.6 552.4 589.4
129.246 HUMO 42.6071 -122.957 -60.13 -25.38 34 -20.41 -82.14 -5.29 -90.76 -12.88 -86.58 5167.8 553.1 586.2
131.698 LTY 47.2545 -120.666 -60.13 -25.38 34 -18.78 -77.46 0.07 -87.42 -9.39 -82.58 5175.2 551.7 592.3
128.26 M02C 41.392 -122.854 -60.13 -25.38 34 -20.58 -82.97 -6.79 -90.94 -13.72 -87.08 5165.5 553.6 583.9
127.821 M03C 41.2742 -122.122 -60.13 -25.38 34 -20.30 -82.68 -7.06 -90.31 -13.71 -86.60 5164.5 553.8 582.9
128.082 M04C 41.7826 -121.839 -60.13 -25.38 34 -20.10 -82.18 -6.50 -89.94 -13.33 -86.17 5165.1 553.7 583.5
127.451 MOD 41.9025 -120.303 -60.13 -25.38 34 -19.47 -81.31 -6.62 -88.55 -13.07 -85.02 5163.9 553.9 582.0
128.371 MSO 46.8292 -113.941 -60.13 -25.38 34 -16.32 -74.71 -1.96 -81.91 -9.16 -78.38 5165.8 553.5 584.2
130.863 NEW 48.2642 -117.123 -60.13 -25.38 34 -17.29 -75.08 0.52 -84.10 -8.41 -79.69 5172.6 552.2 590.3
130.388 OT03 44.4072 -122.467 -60.13 -25.38 34 -19.93 -80.53 -3.13 -89.86 -11.57 -85.34 5171.1 552.5 589.1
128.884 OT06 43.4462 -120.815 -60.13 -25.38 34 -19.40 -80.46 -4.67 -88.64 -12.07 -84.66 5167.0 553.3 585.4
128.391 OT07 43.184 -120.191 -60.13 -25.38 34 -19.20 -80.35 -5.11 -88.15 -12.18 -84.35 5165.8 553.5 584.2
128.037 OT08 42.9584 -119.804 -60.13 -25.38 34 -19.09 -80.32 -5.46 -87.87 -12.30 -84.19 5165.0 553.7 583.4
127.54 OT09 42.6844 -119.192 -60.13 -25.38 34 -18.91 -80.20 -5.89 -87.40 -12.42 -83.89 5164.0 553.9 582.3
127.48 WDC 40.58 -122.54 -60.13 -25.38 34 -20.61 -83.38 -7.81 -90.83 -14.24 -87.21 5163.9 553.9 582.1
