127.229 B35B 48.3603 -93.7261 4.33 92.69 45.6 60.51 101.76 73.84 111.03 67.23 105.11 5162.7 552.7 579.1
129.724 BMNY 44.8399 -74.5065 4.33 92.69 45.6 58.41 73.88 73.19 50.24 66.22 65.51 5168.0 551.6 584.9
128.97 BW06 42.7667 -109.558 4.33 92.69 45.6 54.71 123.55 65.68 148.35 60.76 133.84 5166.3 551.9 583.2
129.765 COWI 46.1003 -89.1369 4.33 92.69 45.6 60.31 95.44 77.70 100.10 69.02 96.84 5168.1 551.6 585.0
128.818 D41A 47.0605 -88.5657 4.33 92.69 45.6 60.57 94.54 76.58 97.19 68.58 95.39 5165.9 552.0 582.8
128.918 D46A 46.891 -84.0357 4.33 92.69 45.6 60.44 87.86 76.45 80.95 68.48 85.63 5166.1 552.0 583.0
128.7 D47A 47.0558 -83.1038 4.33 92.69 45.6 60.42 86.51 76.01 78.14 68.26 83.76 5165.6 552.1 582.5
128.487 D48A 47.1743 -81.8072 4.33 92.69 45.6 60.34 84.66 75.44 74.39 67.96 81.21 5165.1 552.2 582.0
128.35 D49A 47.2726 -81.3562 4.33 92.69 45.6 60.32 84.04 75.17 73.31 67.82 80.39 5164.8 552.2 581.7
128.301 D50A 47.1668 -79.8412 4.33 92.69 45.6 60.10 81.88 74.63 68.98 67.48 77.41 5164.7 552.3 581.6
128.312 D52A 46.9764 -78.4117 4.33 92.69 45.6 59.84 79.85 74.10 65.00 67.13 74.62 5164.7 552.3 581.6
128.112 D53A 47.0795 -77.7001 4.33 92.69 45.6 59.75 78.91 73.62 63.73 66.85 73.47 5164.3 552.3 581.1
127.882 D54A 47.152 -76.657 4.33 92.69 45.6 59.58 77.53 72.96 61.83 66.45 71.79 5163.9 552.4 580.6
127.812 D55A 47.019 -75.4732 4.33 92.69 45.6 59.31 75.93 72.35 59.29 66.04 69.74 5163.8 552.5 580.4
127.653 D56A 47.0485 -74.7568 4.33 92.69 45.6 59.17 75.02 71.87 58.20 65.74 68.68 5163.5 552.5 580.1
127.515 D57A 47.0172 -73.8878 4.33 92.69 45.6 58.97 73.91 71.32 56.79 65.37 67.36 5163.2 552.6 579.8
127.233 D58A 47.0954 -72.8826 4.33 92.69 45.6 58.76 72.69 70.59 55.67 64.91 66.06 5162.7 552.7 579.1
129.88 DUG 40.195 -112.813 4.33 92.69 45.6 52.13 127.94 62.41 155.03 57.99 139.56 5168.5 551.5 585.4
129.515 E43A 46.3758 -86.9954 4.33 92.69 45.6 60.41 92.22 77.49 91.45 68.95 91.98 5167.5 551.7 584.4
129.454 E46A 46.3665 -84.3062 4.33 92.69 45.6 60.33 88.20 77.15 81.11 68.77 86.00 5167.4 551.7 584.3
129.31 E47A 46.4547 -83.2777 4.33 92.69 45.6 60.28 86.69 76.76 77.59 68.57 83.82 5167.0 551.8 583.9
129.205 E48A 46.4809 -82.1653 4.33 92.69 45.6 60.19 85.06 76.35 73.93 68.35 81.49 5166.8 551.8 583.7
128.885 E51A 46.5333 -79.4924 4.33 92.69 45.6 59.88 81.24 75.10 66.32 67.64 76.19 5166.0 552.0 582.9
129.023 E52A 46.2851 -78.6569 4.33 92.69 45.6 59.69 80.00 74.88 63.47 67.48 74.39 5166.3 551.9 583.3
128.665 E54A 46.4339 -77.1869 4.33 92.69 45.6 59.48 78.01 73.88 60.67 66.90 71.90 5165.5 552.1 582.4
128.191 E56A 46.5436 -75.0341 4.33 92.69 45.6 59.09 75.18 72.41 57.07 66.00 68.49 5164.5 552.3 581.3
128.146 E57A 46.4117 -74.1471 4.33 92.69 45.6 58.85 73.99 71.91 55.27 65.65 66.99 5164.4 552.3 581.2
128.005 E58A 46.3721 -73.2771 4.33 92.69 45.6 58.63 72.88 71.32 53.92 65.26 65.68 5164.1 552.4 580.9
127.303 E61A 46.4312 -70.489 4.33 92.69 45.6 57.93 69.54 69.25 50.99 63.88 62.13 5162.8 552.6 579.3
128.363 ELK 40.7448 -115.239 4.33 92.69 45.6 51.50 129.83 60.31 152.66 56.43 139.93 5164.9 552.2 581.8
127.814 EYMN 47.9462 -91.4953 4.33 92.69 45.6 60.63 98.71 74.99 105.72 67.84 101.13 5163.8 552.5 580.4
129.414 F33B 45.8398 -96.2929 4.33 92.69 45.6 59.50 105.96 75.10 124.16 67.53 112.06 5167.3 551.7 584.2
129.724 F36B 45.8618 -93.5241 4.33 92.69 45.6 59.91 101.99 76.58 116.48 68.38 106.56 5168.0 551.6 584.9
129.531 F51A 45.9284 -79.915 4.33 92.69 45.6 59.77 81.69 75.92 65.61 68.02 76.47 5167.6 551.7 584.5
129.591 F52A 45.7951 -79.3227 4.33 92.69 45.6 59.65 80.81 75.72 63.57 67.89 75.18 5167.7 551.7 584.6
128.091 F60A 45.9688 -71.9514 4.33 92.69 45.6 58.17 71.07 70.58 51.01 64.70 63.34 5164.3 552.3 581.1
127.666 F62A 45.8968 -69.9664 4.33 92.69 45.6 57.60 68.69 69.10 48.87 63.68 60.78 5163.5 552.5 580.1
127.681 FXWY 43.6381 -111.027 4.33 92.69 45.6 54.61 124.58 64.35 145.91 59.90 133.68 5163.6 552.5 580.2
130.555 G40A 45.2684 -90.2006 4.33 92.69 45.6 60.02 97.11 78.52 105.72 69.31 99.56 5170.4 551.1 587.0
130.159 G53A 45.1222 -78.6237 4.33 92.69 45.6 59.33 79.65 75.92 59.38 67.90 73.14 5169.2 551.4 586.0
129.813 G54A 45.3979 -78.0898 4.33 92.69 45.6 59.33 78.96 75.33 59.11 67.60 72.41 5168.2 551.6 585.1
129.567 G57A 45.1036 -74.9855 4.33 92.69 45.6 58.61 74.61 73.39 51.96 66.38 66.62 5167.6 551.7 584.6
129.083 GAC 45.7033 -75.4783 4.33 92.69 45.6 58.92 75.47 73.33 54.96 66.44 68.18 5166.5 551.9 583.4
129.738 H59A 44.6455 -73.6905 4.33 92.69 45.6 58.15 72.73 72.66 48.39 65.85 63.99 5168.1 551.6 585.0
129.212 HWUT 41.6069 -111.565 4.33 92.69 45.6 53.39 126.10 63.81 151.55 59.22 136.89 5166.9 551.8 583.8
130.587 I59A 43.7957 -73.8744 4.33 92.69 45.6 57.86 72.68 73.27 45.22 66.13 63.11 5170.5 551.1 587.1
131.04 J59A 43.4647 -74.5041 4.33 92.69 45.6 57.88 73.42 73.97 44.58 66.53 63.65 5171.9 550.8 588.2
130.096 K22A 42.6507 -106.524 4.33 92.69 45.6 55.70 120.32 68.45 148.32 62.75 131.31 5169.0 551.4 585.9
130.694 KGNO 44.2272 -76.4934 4.33 92.69 45.6 58.62 76.39 75.14 51.03 67.32 68.09 5170.8 551.1 587.3
129.951 LONY 44.6197 -74.5829 4.33 92.69 45.6 58.35 73.90 73.38 49.52 66.31 65.34 5168.6 551.5 585.5
128.752 NV31 38.4328 -118.155 4.33 92.69 45.6 48.88 133.21 56.91 156.39 53.46 143.71 5165.8 552.0 582.7
128.969 PD31 42.7672 -109.558 4.33 92.69 45.6 54.71 123.55 65.68 148.35 60.76 133.84 5166.3 551.9 583.2
130.103 R11A 38.3489 -115.585 4.33 92.69 45.6 49.89 131.21 59.23 158.22 55.30 143.13 5169.1 551.4 586.0
127.983 REDW 43.3624 -110.852 4.33 92.69 45.6 54.54 124.55 64.51 146.66 59.98 133.95 5164.1 552.4 580.9
129.476 RSSD 44.1212 -104.036 4.33 92.69 45.6 57.11 116.76 70.31 141.98 64.23 126.37 5167.4 551.7 584.4
130.423 SPMN 45.2246 -92.8037 4.33 92.69 45.6 59.79 101.04 77.61 116.03 68.84 105.51 5170.0 551.2 586.6
127.836 TPAW 43.4901 -110.951 4.33 92.69 45.6 54.57 124.58 64.42 146.31 59.93 133.84 5163.9 552.4 580.6
