155.33   1184.44
  150.42   1174.29
  148.40   1170.13
  146.86   1166.95
  145.56   1164.29
  143.40   1159.84
  141.58   1156.11
  139.99   1152.84
  138.55   1149.90
  137.23   1147.21
  136.01   1144.72
  133.78   1140.20
  131.77   1136.14
  129.93   1132.43
  128.22   1129.00
  126.62   1125.81
  125.11   1122.80
  123.68   1119.96
  122.31   1117.26
  121.00   1114.69
  119.75   1112.22
  117.37   1107.59
  115.12   1103.25
  114.70   1102.43
  114.28   1101.62
  113.86   1100.83
  113.45   1100.04
  112.64   1098.50
  111.85   1096.99
  110.30   1094.06
  108.82   1091.27
  106.85   1087.60
  104.97   1084.11
  102.78   1080.12
  100.69   1076.33
   98.68   1072.73
   96.74   1069.30
   93.89   1064.32
   91.16   1059.66
   90.22   1058.08
   89.59   1057.01
   86.30   1051.57
   83.17   1046.50
   80.15   1041.74
   77.24   1037.29
   75.95   1035.34
   73.12   1031.18
   71.76   1029.22
   69.16   1025.54
   66.62   1022.07
   63.80   1018.33
   61.75   1015.69
   58.27   1011.38
   57.11   1009.99
   52.94   1005.19
   52.66   1004.88
   48.37   1000.30
   45.17    997.10
   42.94    994.99
   40.19    992.53
   36.26    989.27
   33.52    987.19
   33.13    986.91
   32.41    986.39
   28.64    983.86
   24.93    981.67
   24.51    981.44
   21.76    980.04
   21.27    979.80
   17.66    978.24
   15.77    977.53
   14.09    976.97
   10.79    976.06
   10.54    976.00
    7.19    975.33
    7.02    975.31
    3.50    974.89
    0.00    974.75