  115.12   1103.25
  120.98   1114.51
  123.16   1118.70
  124.74   1121.74
  126.02   1124.18
  128.04   1128.03
  129.63   1131.07
  132.10   1135.74
  134.01   1139.32
  136.07   1143.18
  137.74   1146.27
  139.50   1149.48
  140.94   1152.09
  142.19   1154.32
  143.29   1156.28
  144.78   1158.88
  146.09   1161.11
  146.52   1161.84
  146.80   1162.32
  148.20   1164.64
  149.47   1166.69
  150.42   1168.17
  151.41   1169.70
  151.95   1170.51
  152.98   1172.03
  153.46   1172.72
  154.40   1174.05
  155.29   1175.26
  156.29   1176.59
  157.00   1177.51
  158.23   1179.03
  158.63   1179.51
  160.10   1181.20
  160.20   1181.32
  161.72   1182.94
  162.90   1184.12
  163.69   1184.87
  164.67   1185.74
  166.12   1186.94
  167.14   1187.72
  167.29   1187.83
  167.55   1188.02
  168.96   1188.96
  170.36   1189.79
  170.53   1189.88
  171.56   1190.41
  171.75   1190.50
  173.13   1191.10
  173.87   1191.38
  174.51   1191.59
  175.79   1191.95
  175.89   1191.97
  177.19   1192.23
  177.26   1192.24
  178.63   1192.40
  180.00   1192.46