128.638 237B 32.0015 -95.8084 -6.88 132.45 28.6 24.71 -179.70 31.23 -163.10 28.22 -171.65 5165.8 554.4 585.1
127.551 435B 30.7827 -97.585 -6.88 132.45 28.6 23.29 -178.62 28.95 -163.77 26.31 -171.37 5163.6 554.8 582.6
127.877 735B 28.8553 -97.8082 -6.88 132.45 28.6 21.45 -177.75 26.92 -162.51 24.37 -170.29 5164.2 554.7 583.3
129.774 CCM 38.0557 -91.2446 -6.88 132.45 28.6 30.99 175.61 39.79 -165.49 35.76 -175.47 5168.5 553.8 587.7
128.077 E43A 46.3758 -86.9954 -6.88 132.45 28.6 38.40 168.70 48.13 -175.30 43.54 176.05 5164.5 554.6 583.6
129.547 E46A 46.3665 -84.3062 -6.88 132.45 28.6 38.99 167.26 50.31 -174.19 45.02 175.62 5167.9 554.0 587.1
130.383 FVM 37.9812 -90.4273 -6.88 132.45 28.6 31.09 175.26 40.38 -164.70 36.15 -175.31 5170.3 553.5 589.2
129.63 G45A 45.0404 -85.6571 -6.88 132.45 28.6 37.75 168.84 48.67 -172.37 43.59 177.39 5168.1 553.9 587.3
130.346 GLMI 44.8245 -84.6175 -6.88 132.45 28.6 37.82 168.39 49.45 -171.45 44.08 177.48 5170.1 553.5 589.1
129.231 HKT 29.9618 -95.8384 -6.88 132.45 28.6 22.78 -178.81 29.22 -161.38 26.26 -170.34 5167.3 554.1 586.5
128.388 I42A 43.8908 -88.9134 -6.88 132.45 28.6 36.19 171.21 45.48 -172.16 41.13 178.94 5165.1 554.5 584.4
128.084 JFWS 42.9142 -90.2481 -6.88 132.45 28.6 35.15 172.42 43.89 -171.46 39.80 179.97 5164.5 554.6 583.7
128.407 KAPO 49.4504 -82.5079 -6.88 132.45 28.6 41.38 164.23 52.52 -179.67 47.23 171.44 5165.1 554.5 584.4
127.894 L40A 42.0628 -91.2218 -6.88 132.45 28.6 34.28 173.35 42.63 -170.84 38.72 -179.20 5164.2 554.7 583.3
128.923 L42A 42.004 -89.667 -6.88 132.45 28.6 34.57 172.69 43.80 -169.74 39.52 -179.11 5166.4 554.2 585.7
130.281 M44A 41.3882 -88.0432 -6.88 132.45 28.6 34.44 172.26 44.73 -167.71 40.01 -178.48 5169.9 553.5 588.9
129.438 MGMO 37.154 -92.2687 -6.88 132.45 28.6 30.00 176.51 38.30 -165.23 34.49 -174.82 5167.7 554.0 586.9
129.511 MIAR 34.5454 -93.5765 -6.88 132.45 28.6 27.44 178.33 35.11 -163.46 31.59 -172.94 5167.9 553.9 587.1
127.163 N38B 40.7931 -93.235 -6.88 132.45 28.6 32.84 174.90 40.29 -170.47 36.79 -178.14 5162.8 555.0 581.6
127.478 P38B 39.6248 -93.5321 -6.88 132.45 28.6 31.83 175.68 39.26 -169.22 35.78 -177.12 5163.4 554.8 582.3
128.547 P40B 39.5298 -92.0483 -6.88 132.45 28.6 32.07 175.15 40.29 -168.01 36.48 -176.88 5165.6 554.4 584.8
130.212 P43A 39.6409 -89.5213 -6.88 132.45 28.6 32.69 173.96 42.34 -166.22 37.93 -176.78 5169.7 553.6 588.8
130.916 Q44B 38.9033 -89.0169 -6.88 132.45 28.6 32.17 174.10 42.21 -164.77 37.66 -176.05 5171.9 553.2 590.5
128.947 R40B 38.2909 -92.2684 -6.88 132.45 28.6 30.98 175.91 39.20 -166.61 35.41 -175.80 5166.5 554.2 585.8
128.452 S39B 37.6909 -93.3226 -6.88 132.45 28.6 30.26 176.65 37.95 -166.75 34.38 -175.43 5165.3 554.5 584.6
129.166 TLIG 17.5627 -98.5665 -6.88 132.45 28.6 10.10 -173.81 14.11 -157.06 12.24 -165.50 5167.2 554.1 586.4
127.322 TUL1 35.9104 -95.7919 -6.88 132.45 28.6 28.23 178.45 34.75 -166.83 31.70 -174.45 5163.1 554.9 582.0
128.177 U38B 36.4394 -94.3857 -6.88 132.45 28.6 28.97 177.70 36.17 -166.22 32.82 -174.58 5164.7 554.6 584.0
129.344 U40A 36.3563 -92.8535 -6.88 132.45 28.6 29.19 177.15 37.21 -164.80 33.53 -174.24 5167.5 554.0 586.7
129.107 W39A 35.196 -93.784 -6.88 132.45 28.6 27.98 178.09 35.54 -164.34 32.06 -173.49 5166.9 554.1 586.2
130.273 W41B 35.1736 -92.2479 -6.88 132.45 28.6 28.25 177.48 36.63 -162.91 32.82 -173.17 5170.0 553.5 589.0
127.309 WHTX 31.9913 -97.4561 -6.88 132.45 28.6 24.43 -179.18 30.18 -164.65 27.49 -172.10 5163.1 554.9 582.0
128.117 X37A 34.5892 -95.3713 -6.88 132.45 28.6 27.15 178.96 33.90 -165.14 30.77 -173.37 5164.6 554.6 583.8
127.063 Z35B 33.3309 -97.253 -6.88 132.45 28.6 25.68 -179.85 31.54 -165.63 28.80 -172.94 5162.7 555.0 581.4
