127.584 BMNY 44.8399 -74.5065 -4.51 144 133.9 40.25 -178.63 49.24 -162.34 45.03 -171.12 5163.8 541.4 569.4
128.664 E61A 46.4312 -70.489 -4.51 144 133.9 42.33 178.09 53.02 -163.78 48.03 -173.78 5166.0 540.9 571.9
127.339 GOGA 33.4112 -83.4666 -4.51 144 133.9 28.89 -168.65 34.81 -153.27 32.08 -161.20 5163.4 541.4 568.9
128.029 H58A 44.4176 -74.1798 -4.51 144 133.9 40.05 -178.54 49.33 -161.46 45.00 -170.69 5164.6 541.2 570.4
128.588 I59A 43.7957 -73.8744 -4.51 144 133.9 39.69 -178.34 49.31 -160.22 44.86 -170.04 5165.9 540.9 571.7
128.887 I60A 43.844 -73.2916 -4.51 144 133.9 39.87 -178.70 49.82 -160.01 45.22 -170.17 5166.6 540.8 572.4
128.432 J59A 43.4647 -74.5041 -4.51 144 133.9 39.29 -177.80 48.65 -159.98 44.31 -169.60 5165.5 541.0 571.4
127.679 K57A 42.7313 -76.5163 -4.51 144 133.9 38.23 -176.34 46.67 -159.88 42.74 -168.67 5164.0 541.3 569.6
128.181 K58A 42.7633 -75.6473 -4.51 144 133.9 38.49 -176.79 47.38 -159.44 43.26 -168.75 5164.9 541.1 570.8
129.635 K61A 42.6695 -73.2676 -4.51 144 133.9 39.03 -178.02 49.30 -157.91 44.61 -168.85 5168.4 540.5 574.2
127.377 L56A 42.1365 -77.5591 -4.51 144 133.9 37.52 -175.50 45.53 -159.57 41.80 -168.03 5163.4 541.4 568.9
127.892 L57A 42.0005 -76.8492 -4.51 144 133.9 37.61 -175.75 46.01 -158.94 42.12 -167.90 5164.4 541.2 570.1
128.478 L58A 42.0447 -75.8502 -4.51 144 133.9 37.90 -176.28 46.84 -158.39 42.71 -167.98 5165.6 541.0 571.5
127.678 LONY 44.6197 -74.5829 -4.51 144 133.9 40.08 -178.46 49.09 -162.00 44.88 -170.87 5164.0 541.3 569.6
127.344 M56A 41.4837 -78.1826 -4.51 144 133.9 36.87 -174.84 44.67 -158.98 41.04 -167.38 5163.4 541.5 568.9
128.486 M58A 41.3721 -76.4603 -4.51 144 133.9 37.23 -175.59 45.97 -157.72 41.95 -167.26 5165.7 541.0 571.5
129.024 M59A 41.5413 -75.4321 -4.51 144 133.9 37.62 -176.21 46.90 -157.32 42.65 -167.47 5166.9 540.7 572.8
127.576 N56A 40.9171 -78.2953 -4.51 144 133.9 36.41 -174.47 44.25 -158.23 40.61 -166.83 5163.8 541.4 569.4
128.623 N58A 40.8396 -76.7158 -4.51 144 133.9 36.75 -175.17 45.45 -157.07 41.46 -166.72 5166.0 540.9 571.8
129.173 N59A 40.9168 -75.7703 -4.51 144 133.9 37.06 -175.69 46.26 -156.55 42.06 -166.81 5167.3 540.7 573.1
128.281 NCB 43.9734 -74.2228 -4.51 144 133.9 39.72 -178.25 49.10 -160.71 44.75 -170.19 5165.1 541.1 571.0
127.742 O56A 40.2683 -78.5663 -4.51 144 133.9 35.83 -173.98 43.63 -157.49 40.03 -166.21 5164.1 541.3 569.8
129.742 O60A 40.3177 -75.405 -4.51 144 133.9 36.69 -175.55 46.20 -155.36 41.88 -166.20 5168.6 540.4 574.5
127.957 P56A 39.5044 -78.8386 -4.51 144 133.9 35.16 -173.44 42.92 -156.63 39.35 -165.50 5164.5 541.2 570.3
128.98 P58A 39.4891 -77.3005 -4.51 144 133.9 35.54 -174.15 44.13 -155.48 40.21 -165.40 5166.8 540.8 572.7
128.8 PSWB 41.3055 -76.0152 -4.51 144 133.9 37.29 -175.78 46.29 -157.32 42.16 -167.20 5166.4 540.8 572.2
127.693 R55A 38.2825 -80.1195 -4.51 144 133.9 33.85 -172.25 41.10 -155.96 37.76 -164.51 5164.0 541.3 569.7
128.349 T56A 37.0288 -80.0311 -4.51 144 133.9 32.83 -171.65 40.24 -154.32 36.85 -163.40 5165.4 541.0 571.2
128.911 T57A 36.9983 -79.2538 -4.51 144 133.9 32.99 -171.97 40.81 -153.63 37.25 -163.28 5166.7 540.8 572.5
130.11 T59A 36.9716 -77.5541 -4.51 144 133.9 33.39 -172.75 42.11 -152.15 38.20 -163.07 5169.8 540.2 575.4
127.97 TIGA 31.4389 -83.5898 -4.51 144 133.9 27.09 -167.75 32.95 -151.51 30.27 -159.87 5164.6 541.2 570.4
128.031 V55A 35.8518 -81.2149 -4.51 144 133.9 31.55 -170.59 38.44 -153.91 35.28 -162.60 5164.7 541.2 570.5
129.059 V57A 35.8875 -79.7758 -4.51 144 133.9 31.92 -171.21 39.53 -152.70 36.08 -162.40 5167.1 540.7 572.9
130.356 W59A 35.1673 -78.443 -4.51 144 133.9 31.60 -171.48 39.96 -150.61 36.24 -161.60 5170.6 540.0 576.1
129.832 WUPA 39.9324 -75.606 -4.51 144 133.9 36.33 -175.24 45.79 -154.90 41.51 -165.81 5168.9 540.3 574.7
