128.314 ASBU 43.8206 -121.368 -60.09 -27.75 148.6 -18.76 -81.55 -4.52 -89.31 -11.66 -85.53 5166.0 539.1 570.0
129.353 BLOW 44.6837 -122.186 -60.09 -27.75 148.6 -18.93 -81.31 -3.31 -89.79 -11.15 -85.67 5168.5 538.6 572.5
127.265 BMO 44.8525 -117.306 -60.09 -27.75 148.6 -17.10 -78.83 -4.07 -85.61 -10.60 -82.29 5163.8 539.5 567.6
128.159 CIHL 43.751 -121.149 -60.09 -27.75 148.6 -18.68 -81.49 -4.65 -89.13 -11.69 -85.41 5165.6 539.2 569.6
128.176 CPCO 43.722 -121.233 -60.09 -27.75 148.6 -18.72 -81.55 -4.67 -89.21 -11.72 -85.48 5165.7 539.2 569.7
131.913 D03D 47.5347 -123.089 -60.09 -27.75 148.6 -18.89 -79.49 0.49 -89.73 -9.24 -84.75 5176.3 537.1 578.8
129.311 DDRF 46.4911 -119.06 -60.09 -27.75 148.6 -17.47 -78.50 -1.75 -86.62 -9.64 -82.66 5168.4 538.6 572.4
131.995 DOSE 47.7172 -122.972 -60.09 -27.75 148.6 -18.82 -79.29 0.70 -89.57 -9.10 -84.57 5176.6 537.0 579.1
128.699 I05D 44.3386 -121.34 -60.09 -27.75 148.6 -18.66 -81.16 -3.90 -89.15 -11.31 -85.26 5166.9 538.9 570.9
127.839 J05D 43.2848 -121.235 -60.09 -27.75 148.6 -18.79 -81.87 -5.20 -89.32 -12.02 -85.69 5164.9 539.3 568.9
128.517 K02D 42.6955 -123.665 -60.09 -27.75 148.6 -19.84 -83.49 -5.44 -91.60 -12.67 -87.66 5166.5 539.0 570.5
130.609 LTY 47.2545 -120.666 -60.09 -27.75 148.6 -17.99 -78.64 -0.42 -87.76 -9.24 -83.31 5172.3 537.9 575.6
128.095 PINE 43.7921 -120.941 -60.09 -27.75 148.6 -18.60 -81.36 -4.64 -88.94 -11.64 -85.25 5165.5 539.2 569.5
128.194 SWNB 43.6727 -121.355 -60.09 -27.75 148.6 -18.77 -81.65 -4.70 -89.33 -11.76 -85.59 5165.7 539.1 569.7
128.042 TMBU 43.6019 -121.145 -60.09 -27.75 148.6 -18.70 -81.59 -4.83 -89.17 -11.79 -85.48 5165.4 539.2 569.4
127.247 TREE 42.7258 -120.893 -60.09 -27.75 148.6 -18.77 -82.08 -5.91 -89.16 -12.36 -85.71 5163.8 539.5 567.5
128.346 UMAT 45.2904 -118.96 -60.09 -27.75 148.6 -17.62 -79.32 -3.23 -86.88 -10.44 -83.19 5166.1 539.1 570.1