127.355 E43A 46.3758 -86.9954 -0.08 121.97 265.7 48.90 154.00 58.88 171.94 54.22 161.89 5163.6 525.3 553.0
128.119 E45A 46.3563 -85.1774 -0.08 121.97 265.7 49.44 152.60 60.38 172.03 55.29 160.98 5165.0 525.0 554.8
127.347 F42A 45.7587 -88.1347 -0.08 121.97 265.7 48.22 155.20 57.90 173.23 53.40 163.19 5163.6 525.3 553.0
128.763 F46A 45.7737 -84.7586 -0.08 121.97 265.7 49.25 152.58 60.75 173.50 55.44 161.52 5166.6 524.7 556.3
127.295 G41A 45.2118 -89.1816 -0.08 121.97 265.7 47.59 156.27 56.97 174.26 52.62 164.30 5163.5 525.3 552.9
127.615 G42A 45.2418 -88.4277 -0.08 121.97 265.7 47.85 155.72 57.60 174.34 53.08 163.97 5164.1 525.2 553.7
127.935 G43A 45.2572 -87.6861 -0.08 121.97 265.7 48.09 155.17 58.22 174.43 53.54 163.65 5164.7 525.1 554.4
127.17 H40A 44.622 -90.3905 -0.08 121.97 265.7 46.87 157.44 55.86 175.21 51.70 165.45 5163.3 525.4 552.6
127.525 H41A 44.6164 -89.6534 -0.08 121.97 265.7 47.10 156.94 56.47 175.43 52.15 165.22 5163.9 525.3 553.5
128.13 H42A 44.5091 -88.5311 -0.08 121.97 265.7 47.40 156.21 57.40 175.95 52.80 164.95 5165.1 525.0 554.8
127.176 I39A 43.8543 -91.5231 -0.08 121.97 265.7 46.05 158.63 54.73 176.43 50.73 166.71 5163.3 525.4 552.7
127.598 I40A 43.8916 -90.6177 -0.08 121.97 265.7 46.36 158.02 55.50 176.66 51.30 166.41 5164.1 525.2 553.6
128.421 I42A 43.8908 -88.9134 -0.08 121.97 265.7 46.90 156.83 56.96 177.22 52.37 165.87 5165.8 524.9 555.5
127.456 J39A 43.3354 -91.7062 -0.08 121.97 265.7 45.66 159.05 54.43 177.39 50.41 167.37 5163.8 525.3 553.3
127.899 J40A 43.3965 -90.7406 -0.08 121.97 265.7 46.02 158.38 55.26 177.64 51.04 167.05 5164.6 525.1 554.3
128.282 J41A 43.3655 -90.0137 -0.08 121.97 265.7 46.23 157.90 55.88 177.98 51.48 166.88 5165.5 524.9 555.2
128.751 J42A 43.3179 -89.1234 -0.08 121.97 265.7 46.48 157.29 56.64 178.42 52.03 166.66 5166.6 524.7 556.3
130.132 JCT 30.4794 -99.8022 -0.08 121.97 265.7 32.98 169.42 39.50 -168.74 36.74 179.88 5170.4 524.0 559.8
128.497 JFWS 42.9142 -90.2481 -0.08 121.97 265.7 45.87 158.31 55.55 178.85 51.16 167.50 5166.0 524.8 555.7
127.811 K39A 42.705 -91.8878 -0.08 121.97 265.7 45.21 159.52 54.08 178.56 50.03 168.16 5164.5 525.1 554.1
128.693 K41A 42.6071 -90.3046 -0.08 121.97 265.7 45.65 158.51 55.41 179.47 51.00 167.89 5166.4 524.7 556.2
129.045 K42A 42.7792 -89.3457 -0.08 121.97 265.7 46.07 157.74 56.30 179.51 51.69 167.40 5167.3 524.6 557.0
129.595 K43A 42.7044 -88.332 -0.08 121.97 265.7 46.36 157.04 57.18 -179.92 52.32 167.16 5168.6 524.3 558.3
127.528 KSU1 39.1009 -96.6094 -0.08 121.97 265.7 41.14 164.19 48.49 -177.71 45.17 172.66 5164.0 525.2 553.5
127.639 L38A 42.141 -92.9597 -0.08 121.97 265.7 44.48 160.50 52.97 179.16 49.10 169.03 5164.2 525.2 553.7
128.162 L39A 42.1234 -92.0007 -0.08 121.97 265.7 44.79 159.91 53.78 179.66 49.70 168.87 5165.2 525.0 555.0
128.981 L41A 42.0751 -90.4977 -0.08 121.97 265.7 45.24 158.92 55.07 -179.51 50.65 168.59 5167.1 524.6 556.9
129.456 L42A 42.004 -89.667 -0.08 121.97 265.7 45.47 158.38 55.77 -178.96 51.17 168.45 5168.3 524.4 558.0
127.539 M37A 41.4028 -94.0575 -0.08 121.97 265.7 43.62 161.56 51.75 179.95 48.06 170.03 5164.0 525.2 553.5
128.006 M38A 41.4175 -93.1965 -0.08 121.97 265.7 43.92 161.05 52.48 -179.62 48.61 169.90 5164.8 525.1 554.6
128.522 M39A 41.4786 -92.1725 -0.08 121.97 265.7 44.30 160.36 53.38 -179.17 49.29 169.66 5166.1 524.8 555.8
128.927 M40A 41.406 -91.5121 -0.08 121.97 265.7 44.47 159.96 53.93 -178.66 49.69 169.61 5167.0 524.6 556.8
129.462 M41A 41.375 -90.5422 -0.08 121.97 265.7 44.77 159.32 54.77 -178.09 50.31 169.44 5168.3 524.4 558.0
129.811 M42A 41.4546 -89.7581 -0.08 121.97 265.7 45.08 158.73 55.50 -177.83 50.87 169.14 5169.2 524.2 558.9
130.233 M43A 41.4365 -88.9581 -0.08 121.97 265.7 45.32 158.14 56.22 -177.35 51.40 168.94 5170.5 523.9 559.9
127.417 N36A 40.8156 -94.9604 -0.08 121.97 265.7 42.92 162.40 50.74 -179.52 47.18 170.78 5163.8 525.3 553.3
127.883 N37A 40.7582 -94.2095 -0.08 121.97 265.7 43.13 162.00 51.34 -178.98 47.63 170.76 5164.6 525.1 554.3
128.758 N39A 40.8776 -92.5023 -0.08 121.97 265.7 43.78 160.88 52.85 -178.19 48.78 170.40 5166.6 524.7 556.4
129.255 N40A 40.8841 -91.5837 -0.08 121.97 265.7 44.09 160.28 53.65 -177.67 49.39 170.23 5167.8 524.5 557.5
130.488 N43A 40.9394 -89.1735 -0.08 121.97 265.7 44.91 158.54 55.84 -176.37 51.04 169.61 5171.3 523.8 560.6
127.218 O35A 40.2665 -95.9097 -0.08 121.97 265.7 42.22 163.21 49.69 -179.15 46.29 171.43 5163.4 525.4 552.8